  1.   67. 0.3486     8.  1259. 0.00 0.68 0.32  0.920  0.000  0.000  0.000  0.000  0.000  0.000  0.000  0.000  0.000  0.000  0.000  0.000
  1.   67. 0.3113     8.  1259. 0.00 0.68 0.32  0.000  0.000  0.000  0.000  0.000  1.006  0.890  0.000  0.923  0.000  0.000  0.000  0.894
  4.   28. 0.1967     9.  1140. 0.62 0.38 0.00  1.000  0.000  0.000  0.000  0.000  0.000  0.000  0.000  0.000  0.000  0.000  0.000  0.000
  4.   28. 0.1967     9.  1140. 0.62 0.38 0.00  1.000  0.000  0.000  0.000  0.000  0.000  0.000  0.000  0.000  0.000  0.000  0.000  0.000
  5.   57. 0.1841     9.  1140. 1.00 0.00 0.00  1.000  0.000  0.000  0.000  0.000  0.000  0.000  0.000  0.000  0.000  0.000  0.000  0.000
  5.   57. 0.1841     9.  1140. 1.00 0.00 0.00  1.000  0.000  0.000  0.000  0.000  0.000  0.000  0.000  0.000  0.000  0.000  0.000  0.000
  7.  134. 0.3303     8.  6012. 0.00 0.00 1.00  0.840  0.000  0.000  0.000  0.000  0.000  0.000  0.000  0.000  0.000  0.000  0.000  0.000
  7.  134. 0.2881     8.  6012. 0.00 0.00 1.00  0.000  0.000  0.000  0.000  0.000  0.784  0.860  0.869  0.868  0.928  0.849  0.775  0.840
 22.   78. 0.2068    10.  1681. 0.00 0.36 0.64  1.105 -0.859  0.000  0.000  0.000  0.000  0.000  0.000  0.000  0.000  0.000  0.000  0.000
 22.   78. 0.2068    10.  1681. 0.00 0.36 0.64  1.105 -0.859  0.000  0.000  0.000  0.000  0.000  0.000  0.000  0.000  0.000  0.000  0.000
 31.   33. 0.1917     5.  2203. 1.00 0.00 0.00  1.000  0.000  0.000  0.000  0.000  0.000  0.000  0.000  0.000  0.000  0.000  0.000  0.000
 31.   33. 0.1917     5.  2203. 1.00 0.00 0.00  1.000  0.000  0.000  0.000  0.000  0.000  0.000  0.000  0.000  0.000  0.000  0.000  0.000
 38.   15. 0.0900    23.   607. 1.00 0.00 0.00  1.000  0.000  0.000  0.000  0.000  0.000  0.000  0.000  0.000  0.000  0.000  0.000  0.000
 38.   15. 0.0900    23.   607. 1.00 0.00 0.00  1.000  0.000  0.000  0.000  0.000  0.000  0.000  0.000  0.000  0.000  0.000  0.000  0.000
 45.    6. 0.0615    37.   409. 1.00 0.00 0.00  1.000  0.000  0.000  0.000  0.000  0.000  0.000  0.000  0.000  0.000  0.000  0.000  0.000
 45.    6. 0.0615    37.   409. 1.00 0.00 0.00  1.000  0.000  0.000  0.000  0.000  0.000  0.000  0.000  0.000  0.000  0.000  0.000  0.000
 46.   13. 0.2570    31.  1681. 0.00 1.00 0.00  0.909  0.000  0.000  0.000  0.000  0.000  0.000  0.000  0.000  0.000  0.000  0.000  0.000
 46.   13. 0.2570    31.  1681. 0.00 1.00 0.00  0.909  0.000  0.000  0.000  0.000  0.000  0.000  0.000  0.000  0.000  0.000  0.000  0.000
 51.   60. 0.2760     9.  1681. 0.00 0.00 1.00  0.997 -0.520  0.000  0.000  0.000  0.000  0.000  0.000  0.000  0.000  0.000  0.000  0.000
 51.   60. 0.2621     9.  1681. 1.00 0.00 0.00  0.000 -0.358  0.000  0.963  1.062  1.071  0.000  0.000  0.000  0.000  0.000  0.000  0.000
 55.  120. 0.2936     6.  2203. 0.00 1.00 0.00  1.000  0.000  0.000  0.000  0.000  0.000  0.000  0.000  0.000  0.000  0.000  0.000  0.000
 55.  120. 0.2936     6.  2203. 0.00 1.00 0.00  1.000  0.000  0.000  0.000  0.000  0.000  0.000  0.000  0.000  0.000  0.000  0.000  0.000
 56.   72. 0.2404    17.  2203. 0.00 0.86 0.14  1.067  0.000  0.000  0.000  0.000  0.000  0.000  0.000  0.000  0.000  0.000  0.000  0.000
 56.   72. 0.2404    17.  2203. 0.00 0.86 0.14  1.067  0.000  0.000  0.000  0.000  0.000  0.000  0.000  0.000  0.000  0.000  0.000  0.000
 63.   19. 0.2660    17.   511. 1.00 0.00 0.00  0.820  0.000  0.000  0.000  0.000  0.000  0.000  0.000  0.000  0.000  0.000  0.000  0.000
 63.   19. 0.2660    17.   511. 1.00 0.00 0.00  0.820  0.000  0.000  0.000  0.000  0.000  0.000  0.000  0.000  0.000  0.000  0.000  0.000
 64.   33. 0.2633    17.  2203. 0.00 0.00 1.00  1.000  0.000  0.000  0.000  0.000  0.000  0.000  0.000  0.000  0.000  0.000  0.000  0.000
 64.   33. 0.2633    17.  2203. 0.00 0.00 1.00  1.000  0.000  0.000  0.000  0.000  0.000  0.000  0.000  0.000  0.000  0.000  0.000  0.000
 67.   71. 0.1953    14.  2203. 0.00 1.00 0.00  1.000  0.000  0.000  0.000  0.000  0.000  0.000  0.000  0.000  0.000  0.000  0.000  0.000
 67.   71. 0.1953    14.  2203. 0.00 1.00 0.00  1.000  0.000  0.000  0.000  0.000  0.000  0.000  0.000  0.000  0.000  0.000  0.000  0.000
 68.   52. 0.3081     9.  1140. 1.00 0.00 0.00  1.000  0.000  0.000  0.000  0.000  0.000  0.000  0.000  0.000  0.000  0.000  0.000  0.000
 68.   52. 0.2848     9.  1140. 1.00 0.00 0.00  0.000  0.000  0.000  0.923  0.993  0.000  0.000  0.000  0.000  0.000  0.000  0.000  0.000
 69.   47. 0.2564     5.  2203. 0.00 0.00 1.00  1.000  0.000  0.000  0.000  0.000  0.000  0.000  0.000  0.000  0.000  0.000  0.000  0.000
 69.   47. 0.2564     5.  2203. 0.00 0.00 1.00  1.000  0.000  0.000  0.000  0.000  0.000  0.000  0.000  0.000  0.000  0.000  0.000  0.000
 70.   34. 0.3335     9.  1140. 1.00 0.00 0.00  1.000  0.000  0.000  0.000  0.000  0.000  0.000  0.000  0.000  0.000  0.000  0.000  0.000
 70.   34. 0.3335     9.  1140. 1.00 0.00 0.00  1.000  0.000  0.000  0.000  0.000  0.000  0.000  0.000  0.000  0.000  0.000  0.000  0.000
 71.   37. 0.2751    18.   601. 0.00 0.56 0.44  0.866  0.000  0.000  0.000  0.000  0.000  0.000  0.000  0.000  0.000  0.000  0.000  0.000
 71.   37. 0.2751    18.   601. 0.00 0.56 0.44  0.866  0.000  0.000  0.000  0.000  0.000  0.000  0.000  0.000  0.000  0.000  0.000  0.000
 73.  148. 0.3780    10.  6012. 1.00 0.00 0.00  1.000  0.000  0.000  0.000  0.000  0.000  0.000  0.000  0.000  0.000  0.000  0.000  0.000
 73.  148. 0.3780    10.  6012. 1.00 0.00 0.00  1.000  0.000  0.000  0.000  0.000  0.000  0.000  0.000  0.000  0.000  0.000  0.000  0.000
 74.   58. 0.2670     6.  1200. 1.00 0.00 0.00  1.000  0.000  0.000  0.000  0.000  0.000  0.000  0.000  0.000  0.000  0.000  0.000  0.000
 74.   58. 0.2670     6.  1200. 1.00 0.00 0.00  1.000  0.000  0.000  0.000  0.000  0.000  0.000  0.000  0.000  0.000  0.000  0.000  0.000
 76.   34. 0.2158    10.  1200. 1.00 0.00 0.00  1.000  0.000  0.000  0.000  0.000  0.000  0.000  0.000  0.000  0.000  0.000  0.000  0.000
 76.   34. 0.2158    10.  1200. 1.00 0.00 0.00  1.000  0.000  0.000  0.000  0.000  0.000  0.000  0.000  0.000  0.000  0.000  0.000  0.000
 77.   12. 0.2200    18.   552. 0.00 0.00 1.00  0.788  0.000  0.000  0.000  0.000  0.000  0.000  0.000  0.000  0.000  0.000  0.000  0.000
 77.   12. 0.2200    18.   552. 0.00 0.00 1.00  0.788  0.000  0.000  0.000  0.000  0.000  0.000  0.000  0.000  0.000  0.000  0.000  0.000
 84.   17. 0.3315    25.  6012. 1.00 0.00 0.00  1.000  0.000  0.000  0.000  0.000  0.000  0.000  0.000  0.000  0.000  0.000  0.000  0.000
 84.   17. 0.3315    25.  6012. 1.00 0.00 0.00  1.000  0.000  0.000  0.000  0.000  0.000  0.000  0.000  0.000  0.000  0.000  0.000  0.000
 87.   25. 0.3473    25.  6012. 1.00 0.00 0.00  0.933  0.000  0.000  0.000  0.000  0.000  0.000  0.000  0.000  0.000  0.000  0.000  0.000
 87.   25. 0.3473    25.  6012. 1.00 0.00 0.00  0.933  0.000  0.000  0.000  0.000  0.000  0.000  0.000  0.000  0.000  0.000  0.000  0.000
 91.   83. 0.4831     6.  2994. 0.00 0.21 0.79  0.848  0.000  0.000  0.000  0.000  0.000  0.000  0.000  0.000  0.000  0.000  0.000  0.000
 91.   83. 0.4831     6.  2994. 0.00 0.21 0.79  0.848  0.000  0.000  0.000  0.000  0.000  0.000  0.000  0.000  0.000  0.000  0.000  0.000
 92.   80. 0.4108     6.  2994. 0.00 0.03 0.97  0.872  0.000  0.000  0.000  0.000  0.000  0.000  0.000  0.000  0.000  0.000  0.000  0.000
 92.   80. 0.3626     6.  2994. 0.00 0.03 0.97  0.000  0.000  0.000  0.000  0.000  0.000  0.000  0.809  0.876  0.938  0.834  0.890  0.000
 93.   29. 0.5590    16.  6012. 1.00 0.00 0.00  1.000  0.000  0.000  0.000  0.000  0.000  0.000  0.000  0.000  0.000  0.000  0.000  0.000
 93.   29. 0.5590    16.  6012. 1.00 0.00 0.00  1.000  0.000  0.000  0.000  0.000  0.000  0.000  0.000  0.000  0.000  0.000  0.000  0.000
 94.   53. 0.2766    11.  6012. 1.00 0.00 0.00  0.858  0.000  0.000  0.000  0.000  0.000  0.000  0.000  0.000  0.000  0.000  0.000  0.000
 94.   53. 0.2766    11.  6012. 1.00 0.00 0.00  0.858  0.000  0.000  0.000  0.000  0.000  0.000  0.000  0.000  0.000  0.000  0.000  0.000
 95.   47. 0.3169     6.  1496. 0.75 0.25 0.00  1.000  0.000  0.000  0.000  0.000  0.000  0.000  0.000  0.000  0.000  0.000  0.000  0.000
 95.   47. 0.3169     6.  1496. 0.75 0.25 0.00  1.000  0.000  0.000  0.000  0.000  0.000  0.000  0.000  0.000  0.000  0.000  0.000  0.000
 96.   59. 0.2613    11.  6012. 0.00 0.65 0.35  0.858  0.000  0.000  0.000  0.000  0.000  0.000  0.000  0.000  0.000  0.000  0.000  0.000
 96.   59. 0.2495    11.  6012. 0.00 0.65 0.35  0.000  0.000  0.000  0.000  0.000  0.000  0.000  0.836  0.881  0.000  0.000  0.000  0.000
 97.   34. 0.5455     6.  1192. 0.00 0.47 0.53  1.000  0.000  0.000  0.000  0.000  0.000  0.000  0.000  0.000  0.000  0.000  0.000  0.000
 97.   34. 0.5455     6.  1192. 0.00 0.47 0.53  1.000  0.000  0.000  0.000  0.000  0.000  0.000  0.000  0.000  0.000  0.000  0.000  0.000
107.   30. 0.3415    11.  1496. 0.00 1.00 0.00  0.876  0.000  0.000  0.000  0.000  0.000  0.000  0.000  0.000  0.000  0.000  0.000  0.000
107.   30. 0.3415    11.  1496. 0.00 1.00 0.00  0.876  0.000  0.000  0.000  0.000  0.000  0.000  0.000  0.000  0.000  0.000  0.000  0.000
108.   19. 0.3270    11.   745. 1.00 0.00 0.00  1.248 -1.040  0.000  0.000  0.000  0.000  0.000  0.000  0.000  0.000  0.000  0.000  0.000
108.   19. 0.3270    11.   745. 1.00 0.00 0.00  1.248 -1.040  0.000  0.000  0.000  0.000  0.000  0.000  0.000  0.000  0.000  0.000  0.000
109.    9. 0.6585    58.   745. 0.41 0.59 0.00  0.862  0.000  0.000  0.000  0.000  0.000  0.000  0.000  0.000  0.000  0.000  0.000  0.000
109.    9. 0.6585    58.   745. 0.41 0.59 0.00  0.862  0.000  0.000  0.000  0.000  0.000  0.000  0.000  0.000  0.000  0.000  0.000  0.000
111.    9. 0.6487    13.   594. 0.00 0.00 1.00  1.000  0.000  0.000  0.000  0.000  0.000  0.000  0.000  0.000  0.000  0.000  0.000  0.000
111.    9. 0.6487    13.   594. 0.00 0.00 1.00  1.000  0.000  0.000  0.000  0.000  0.000  0.000  0.000  0.000  0.000  0.000  0.000  0.000
125.   56. 0.4793     8.  1045. 1.00 0.00 0.00  1.000  0.000  0.000  0.000  0.000  0.000  0.000  0.000  0.000  0.000  0.000  0.000  0.000
125.   56. 0.4793     8.  1045. 1.00 0.00 0.00  1.000  0.000  0.000  0.000  0.000  0.000  0.000  0.000  0.000  0.000  0.000  0.000  0.000
126.   52. 0.3889    13.  2994. 0.00 1.00 0.00  1.000  0.000  0.000  0.000  0.000  0.000  0.000  0.000  0.000  0.000  0.000  0.000  0.000
126.   52. 0.3889    13.  2994. 0.00 1.00 0.00  1.000  0.000  0.000  0.000  0.000  0.000  0.000  0.000  0.000  0.000  0.000  0.000  0.000
149.   50. 0.4992    21.   765. 0.00 0.04 0.96  0.823  0.000  0.000  0.000  0.000  0.000  0.000  0.000  0.000  0.000  0.000  0.000  0.000
149.   50. 0.4992    21.   765. 0.00 0.04 0.96  0.823  0.000  0.000  0.000  0.000  0.000  0.000  0.000  0.000  0.000  0.000  0.000  0.000
152.   21. 0.2326    24.   765. 1.00 0.00 0.00  1.000  0.000  0.000  0.000  0.000  0.000  0.000  0.000  0.000  0.000  0.000  0.000  0.000
152.   21. 0.2326    24.   765. 1.00 0.00 0.00  1.000  0.000  0.000  0.000  0.000  0.000  0.000  0.000  0.000  0.000  0.000  0.000  0.000
153.    9. 0.2684    13.   594. 1.00 0.00 0.00  1.000  0.000  0.000  0.000  0.000  0.000  0.000  0.000  0.000  0.000  0.000  0.000  0.000
153.    9. 0.2684    13.   594. 1.00 0.00 0.00  1.000  0.000  0.000  0.000  0.000  0.000  0.000  0.000  0.000  0.000  0.000  0.000  0.000
168.   32. 0.2048    24.  2994. 1.00 0.00 0.00  0.694  0.000  0.029  0.000  0.000  0.000  0.000  0.000  0.000  0.000  0.000  0.000  0.000
168.   32. 0.2048    24.  2994. 1.00 0.00 0.00  0.694  0.000  0.029  0.000  0.000  0.000  0.000  0.000  0.000  0.000  0.000  0.000  0.000
181.   20. 0.2748    33.   765. 0.00 1.00 0.00  1.000  0.000  0.000  0.000  0.000  0.000  0.000  0.000  0.000  0.000  0.000  0.000  0.000
181.   20. 0.2748    33.   765. 0.00 1.00 0.00  1.000  0.000  0.000  0.000  0.000  0.000  0.000  0.000  0.000  0.000  0.000  0.000  0.000
182.    9. 0.3187    13.   594. 1.00 0.00 0.00  1.000  0.000  0.000  0.000  0.000  0.000  0.000  0.000  0.000  0.000  0.000  0.000  0.000
182.    9. 0.3187    13.   594. 1.00 0.00 0.00  1.000  0.000  0.000  0.000  0.000  0.000  0.000  0.000  0.000  0.000  0.000  0.000  0.000
184.   11. 0.8494    25.  2994. 1.00 0.00 0.00  0.789  0.000  0.000  0.000  0.000  0.000  0.000  0.000  0.000  0.000  0.000  0.000  0.000
184.   11. 0.8494    25.  2994. 1.00 0.00 0.00  0.789  0.000  0.000  0.000  0.000  0.000  0.000  0.000  0.000  0.000  0.000  0.000  0.000
185.    9. 0.1942    13.   594. 0.00 0.00 1.00  0.813  0.000  0.000  0.000  0.000  0.000  0.000  0.000  0.000  0.000  0.000  0.000  0.000
185.    9. 0.1942    13.   594. 0.00 0.00 1.00  0.813  0.000  0.000  0.000  0.000  0.000  0.000  0.000  0.000  0.000  0.000  0.000  0.000
188.   19. 0.3365    26.   594. 1.00 0.00 0.00  0.824  0.000  0.000  0.000  0.000  0.000  0.000  0.000  0.000  0.000  0.000  0.000  0.000
188.   19. 0.2403    26.   594. 1.00 0.00 0.00  0.000  0.000  0.000  0.000  0.000  0.000  0.000  0.000  0.000  0.922  0.000  0.790  0.000
196.   38. 0.3594    21.   684. 0.08 0.92 0.00  1.000  0.000  0.000  0.000  0.000  0.000  0.000  0.000  0.000  0.000  0.000  0.000  0.000
196.   38. 0.3594    21.   684. 0.08 0.92 0.00  1.000  0.000  0.000  0.000  0.000  0.000  0.000  0.000  0.000  0.000  0.000  0.000  0.000
197.   26. 0.4660    19.  2994. 1.00 0.00 0.00  0.820  0.000  0.000  0.000  0.000  0.000  0.000  0.000  0.000  0.000  0.000  0.000  0.000
197.   26. 0.4660    19.  2994. 1.00 0.00 0.00  0.820  0.000  0.000  0.000  0.000  0.000  0.000  0.000  0.000  0.000  0.000  0.000  0.000
198.   23. 0.3219    21.   684. 1.00 0.00 0.00  0.887  0.000  0.000  0.000  0.000  0.000  0.000  0.000  0.000  0.000  0.000  0.000  0.000
198.   23. 0.3219    21.   684. 1.00 0.00 0.00  0.887  0.000  0.000  0.000  0.000  0.000  0.000  0.000  0.000  0.000  0.000  0.000  0.000
199.   30. 0.3092    16.  1116. 0.00 1.00 0.00  1.000  0.000  0.000  0.000  0.000  0.000  0.000  0.000  0.000  0.000  0.000  0.000  0.000
199.   30. 0.3092    16.  1116. 0.00 1.00 0.00  1.000  0.000  0.000  0.000  0.000  0.000  0.000  0.000  0.000  0.000  0.000  0.000  0.000
200.   31. 0.3512    16.  1398. 0.00 0.22 0.78  0.890  0.000  0.000  0.000  0.000  0.000  0.000  0.000  0.000  0.000  0.000  0.000  0.000
200.   31. 0.3512    16.  1398. 0.00 0.22 0.78  0.890  0.000  0.000  0.000  0.000  0.000  0.000  0.000  0.000  0.000  0.000  0.000  0.000
208.   15. 0.2026    15.   451. 0.00 1.00 0.00  1.000  0.000  0.000  0.000  0.000  0.000  0.000  0.000  0.000  0.000  0.000  0.000  0.000
208.   15. 0.2026    15.   451. 0.00 1.00 0.00  1.000  0.000  0.000  0.000  0.000  0.000  0.000  0.000  0.000  0.000  0.000  0.000  0.000
224.   20. 0.4145    12.  1116. 1.00 0.00 0.00  0.887  0.000  0.000  0.000  0.000  0.000  0.000  0.000  0.000  0.000  0.000  0.000  0.000
224.   20. 0.4145    12.  1116. 1.00 0.00 0.00  0.887  0.000  0.000  0.000  0.000  0.000  0.000  0.000  0.000  0.000  0.000  0.000  0.000
228.   15. 0.3539     8.   451. 0.37 0.00 0.63  0.860  0.000  0.000  0.000  0.000  0.000  0.000  0.000  0.000  0.000  0.000  0.000  0.000
228.   15. 0.3539     8.   451. 0.37 0.00 0.63  0.860  0.000  0.000  0.000  0.000  0.000  0.000  0.000  0.000  0.000  0.000  0.000  0.000
230.   15. 0.1967     8.   451. 0.00 1.00 0.00  0.920  0.000  0.000  0.000  0.000  0.000  0.000  0.000  0.000  0.000  0.000  0.000  0.000
230.   15. 0.1967     8.   451. 0.00 1.00 0.00  0.920  0.000  0.000  0.000  0.000  0.000  0.000  0.000  0.000  0.000  0.000  0.000  0.000
233.   20. 0.2338    12.  1116. 0.65 0.19 0.16  1.000  0.000  0.000  0.000  0.000  0.000  0.000  0.000  0.000  0.000  0.000  0.000  0.000
233.   20. 0.2338    12.  1116. 0.65 0.19 0.16  1.000  0.000  0.000  0.000  0.000  0.000  0.000  0.000  0.000  0.000  0.000  0.000  0.000
 19.   19.  .1444     2.  1336. 1.00 0.00 0.00   .877  0.000  0.000  0.000  0.000  0.000  0.000  0.000  0.000  0.000  0.000  0.000  0.000
 19.   19.  .1444     2.  1336. 1.00 0.00 0.00   .877  0.000  0.000  0.000  0.000  0.000  0.000  0.000  0.000  0.000  0.000  0.000  0.000
 72.   30.  .3061     1.   317. 1.00 0.00 0.00   .903  0.000  0.000  0.000  0.000  0.000  0.000  0.000  0.000  0.000  0.000  0.000  0.000
 72.   30.  .3061     1.   317. 1.00 0.00 0.00   .903  0.000  0.000  0.000  0.000  0.000  0.000  0.000  0.000  0.000  0.000  0.000  0.000
 80.   63.  .2578     1.  1374. 1.00 0.00 0.00   .938  0.000  0.000  0.000  0.000  0.000  0.000  0.000  0.000  0.000  0.000  0.000  0.000
 80.   63.  .2578     1.  1374. 1.00 0.00 0.00   .938  0.000  0.000  0.000  0.000  0.000  0.000  0.000  0.000  0.000  0.000  0.000  0.000
 85.   32.  .3898     1.   907. 1.00 0.00 0.00   .839  0.000  0.000  0.000  0.000  0.000  0.000  0.000  0.000  0.000  0.000  0.000  0.000
 85.   32.  .3898     1.   907. 1.00 0.00 0.00   .839  0.000  0.000  0.000  0.000  0.000  0.000  0.000  0.000  0.000  0.000  0.000  0.000
 86.   63.  .1992     1.  5704. 1.00 0.00 0.00   .865  0.000  0.000  0.000  0.000  0.000  0.000  0.000  0.000  0.000  0.000  0.000  0.000
 86.   63.  .1992     1.  5704. 1.00 0.00 0.00   .865  0.000  0.000  0.000  0.000  0.000  0.000  0.000  0.000  0.000  0.000  0.000  0.000
 88.  167.  .3077     1.  1580. 1.00 0.00 0.00   .763  0.000  0.000  0.000  0.000  0.000  0.000  0.000  0.000  0.000  0.000  0.000  0.000
 88.  167.  .3077     1.  1580. 1.00 0.00 0.00   .763  0.000  0.000  0.000  0.000  0.000  0.000  0.000  0.000  0.000  0.000  0.000  0.000
 89.   15.  .0932     1.   368. 1.00 0.00 0.00   .949  0.000  0.000  0.000  0.000  0.000  0.000  0.000  0.000  0.000  0.000  0.000  0.000
 89.   15.  .0932     1.   368. 1.00 0.00 0.00   .949  0.000  0.000  0.000  0.000  0.000  0.000  0.000  0.000  0.000  0.000  0.000  0.000
104.  125.  .2176     1.  2009. 1.00 0.00 0.00   .896  0.000  0.000  0.000  0.000  0.000  0.000  0.000  0.000  0.000  0.000  0.000  0.000
104.  125.  .2176     1.  2009. 1.00 0.00 0.00   .896  0.000  0.000  0.000  0.000  0.000  0.000  0.000  0.000  0.000  0.000  0.000  0.000
138.   27.  .1582     1.   656. 1.00 0.00 0.00   .898  0.000  0.000  0.000  0.000  0.000  0.000  0.000  0.000  0.000  0.000  0.000  0.000
138.   27.  .1582     1.   656. 1.00 0.00 0.00   .898  0.000  0.000  0.000  0.000  0.000  0.000  0.000  0.000  0.000  0.000  0.000  0.000
143.   44.  .1642     1.  1483. 1.00 0.00 0.00   .959  0.000  0.000  0.000  0.000  0.000  0.000  0.000  0.000  0.000  0.000  0.000  0.000
143.   44.  .1642     1.  1483. 1.00 0.00 0.00   .959  0.000  0.000  0.000  0.000  0.000  0.000  0.000  0.000  0.000  0.000  0.000  0.000
144.   21.  .1765     1.   971. 1.00 0.00 0.00   .862  0.000  0.000  0.000  0.000  0.000  0.000  0.000  0.000  0.000  0.000  0.000  0.000
144.   21.  .1765     1.   971. 1.00 0.00 0.00   .862  0.000  0.000  0.000  0.000  0.000  0.000  0.000  0.000  0.000  0.000  0.000  0.000
145.   47.  .2109     1.   971. 1.00 0.00 0.00   .918  0.000  0.000  0.000  0.000  0.000  0.000  0.000  0.000  0.000  0.000  0.000  0.000
145.   47.  .2109     1.   971. 1.00 0.00 0.00   .918  0.000  0.000  0.000  0.000  0.000  0.000  0.000  0.000  0.000  0.000  0.000  0.000
148.   25.  .3410     1.   717. 1.00 0.00 0.00  1.021  0.000  0.000  0.000  0.000  0.000  0.000  0.000  0.000  0.000  0.000  0.000  0.000
148.   25.  .3410     1.   717. 1.00 0.00 0.00  1.021  0.000  0.000  0.000  0.000  0.000  0.000  0.000  0.000  0.000  0.000  0.000  0.000
154.   24.  .1421     1.   656. 1.00 0.00 0.00   .959  0.000  0.000  0.000  0.000  0.000  0.000  0.000  0.000  0.000  0.000  0.000  0.000
154.   24.  .1421     1.   656. 1.00 0.00 0.00   .959  0.000  0.000  0.000  0.000  0.000  0.000  0.000  0.000  0.000  0.000  0.000  0.000
201.   91.  .1788     1.   780. 1.00 0.00 0.00   .891  0.000  0.000  0.000  0.000  0.000  0.000  0.000  0.000  0.000  0.000  0.000  0.000
201.   91.  .1788     1.   780. 1.00 0.00 0.00   .891  0.000  0.000  0.000  0.000  0.000  0.000  0.000  0.000  0.000  0.000  0.000  0.000
231.   65.  .1634     1.  5704. 1.00 0.00 0.00   .928  0.000  0.000  0.000  0.000  0.000  0.000  0.000  0.000  0.000  0.000  0.000  0.000
231.   65.  .1634     1.  5704. 1.00 0.00 0.00   .928  0.000  0.000  0.000  0.000  0.000  0.000  0.000  0.000  0.000  0.000  0.000  0.000
235.   14.  .0762     1.   127. 1.00 0.00 0.00   .906  0.000  0.000  0.000  0.000  0.000  0.000  0.000  0.000  0.000  0.000  0.000  0.000
235.   14.  .0762     1.   127. 1.00 0.00 0.00   .906  0.000  0.000  0.000  0.000  0.000  0.000  0.000  0.000  0.000  0.000  0.000  0.000
238.   97.  .1312     1.   569. 1.00 0.00 0.00  1.009  0.000  0.000  0.000  0.000  0.000  0.000  0.000  0.000  0.000  0.000  0.000  0.000
238.   97.  .1312     1.   569. 1.00 0.00 0.00  1.009  0.000  0.000  0.000  0.000  0.000  0.000  0.000  0.000  0.000  0.000  0.000  0.000
251.   93.  .2884     1.  1722. 1.00 0.00 0.00   .869  0.000  0.000  0.000  0.000  0.000  0.000  0.000  0.000  0.000  0.000  0.000  0.000
251.   93.  .2884     1.  1722. 1.00 0.00 0.00   .869  0.000  0.000  0.000  0.000  0.000  0.000  0.000  0.000  0.000  0.000  0.000  0.000
252.   22.  .1775     1.   489. 1.00 0.00 0.00   .998  0.000  0.000  0.000  0.000  0.000  0.000  0.000  0.000  0.000  0.000  0.000  0.000
252.   22.  .1775     1.   489. 1.00 0.00 0.00   .998  0.000  0.000  0.000  0.000  0.000  0.000  0.000  0.000  0.000  0.000  0.000  0.000
256.   17.  .1469     1.   605. 1.00 0.00 0.00   .803  0.000  0.000  0.000  0.000  0.000  0.000  0.000  0.000  0.000  0.000  0.000  0.000
256.   17.  .1469     1.   605. 1.00 0.00 0.00   .803  0.000  0.000  0.000  0.000  0.000  0.000  0.000  0.000  0.000  0.000  0.000  0.000
268.   21.  .2161     1.   652. 1.00 0.00 0.00  1.055  0.000  0.000  0.000  0.000  0.000  0.000  0.000  0.000  0.000  0.000  0.000  0.000
268.   21.  .2161     1.   652. 1.00 0.00 0.00  1.055  0.000  0.000  0.000  0.000  0.000  0.000  0.000  0.000  0.000  0.000  0.000  0.000
274.   21.  .1364     1.  2426. 1.00 0.00 0.00   .899  0.000  0.000  0.000  0.000  0.000  0.000  0.000  0.000  0.000  0.000  0.000  0.000
274.   21.  .1364     1.  2426. 1.00 0.00 0.00   .899  0.000  0.000  0.000  0.000  0.000  0.000  0.000  0.000  0.000  0.000  0.000  0.000
276.   13.  .2510     2.   385. 1.00 0.00 0.00  1.030  0.000  0.000  0.000  0.000  0.000  0.000  0.000  0.000  0.000  0.000  0.000  0.000
276.   13.  .2510     2.   385. 1.00 0.00 0.00  1.030  0.000  0.000  0.000  0.000  0.000  0.000  0.000  0.000  0.000  0.000  0.000  0.000
