20.3672  -105.6722     CABO CORRIENTES
18.0000  -112.0000
32.0000  -126.0000
40.0000  -131.0000
42.0000  -131.0000
42.0000  -124.1890     OREGON-CALIF BORDER    
41.968  -124.182        PACIFIC COASTLINE TO CABO CORRIENTES
41.913  -124.184
41.853  -124.195
41.808  -124.228
41.779  -124.213
41.751  -124.158
41.710  -124.122
41.658  -124.111
41.608  -124.087
41.554  -124.069
41.515  -124.064
41.461  -124.046
41.401  -124.045
41.344  -124.061
41.288  -124.077
41.233  -124.096
41.181  -124.117
41.130  -124.138
41.069  -124.134
41.029  -124.096
40.972  -124.106
40.919  -124.127
40.866  -124.148
40.819  -124.178
40.774  -124.208
40.811  -124.167
40.855  -124.133
40.858  -124.065
40.818  -124.096
40.798  -124.161
40.754  -124.192
40.705  -124.197
40.717  -124.245
40.755  -124.223
40.715  -124.261
40.667  -124.287
40.618  -124.309
40.571  -124.336
40.516  -124.354
40.462  -124.371
40.415  -124.354
40.362  -124.335
40.306  -124.326
40.254  -124.321
40.224  -124.270
40.193  -124.221
40.160  -124.176
40.131  -124.123
40.101  -124.073
40.048  -124.055
40.018  -124.002
39.983  -123.959
39.941  -123.926
39.901  -123.888
39.859  -123.854
39.818  -123.819
39.758  -123.812
39.717  -123.776
39.659  -123.764
39.597  -123.759
39.548  -123.738
39.505  -123.771
39.445  -123.784
39.386  -123.796
39.331  -123.781
39.280  -123.770
39.230  -123.748
39.187  -123.719
39.138  -123.695
39.082  -123.681
39.026  -123.667
38.981  -123.696
38.937  -123.705
38.901  -123.664
38.864  -123.623
38.828  -123.583
38.796  -123.536
38.758  -123.497
38.730  -123.444
38.687  -123.413
38.644  -123.380
38.607  -123.341
38.567  -123.304
38.535  -123.257
38.508  -123.203
38.482  -123.148
38.453  -123.099
38.405  -123.072
38.361  -123.042
38.307  -123.034
38.319  -123.012
38.289  -122.962
38.242  -122.937
38.205  -122.899
38.162  -122.865
38.123  -122.827
38.085  -122.808
38.120  -122.849
38.164  -122.881
38.203  -122.918
38.238  -122.959
38.201  -122.939
38.144  -122.927
38.094  -122.950
38.041  -122.969
37.999  -122.990
38.022  -122.949
38.054  -122.928
38.076  -122.903
38.039  -122.862
38.015  -122.806
37.988  -122.770
37.948  -122.733
37.913  -122.692
37.928  -122.660
37.904  -122.621
37.874  -122.573
37.843  -122.525
37.831  -122.462
37.874  -122.466
37.875  -122.443
37.904  -122.439
37.940  -122.481
37.982  -122.464
38.013  -122.452
38.052  -122.477
38.107  -122.479
38.123  -122.422
38.165  -122.387
38.144  -122.337
38.118  -122.280
38.084  -122.237
38.048  -122.252
38.015  -122.297
38.001  -122.348
37.962  -122.387
37.928  -122.362
37.910  -122.305
37.857  -122.286
37.808  -122.300
37.773  -122.263
37.757  -122.193
37.733  -122.211
37.715  -122.175
37.672  -122.144
37.617  -122.129
37.566  -122.108
37.517  -122.085
37.502  -122.033
37.463  -122.013
37.465  -122.082
37.509  -122.112
37.523  -122.169
37.547  -122.202
37.580  -122.246
37.596  -122.298
37.618  -122.359
37.665  -122.359
37.720  -122.362
37.743  -122.359
37.799  -122.367
37.809  -122.419
37.795  -122.482
37.733  -122.489
37.676  -122.476
37.618  -122.475
37.572  -122.497
37.514  -122.486
37.491  -122.430
37.439  -122.411
37.392  -122.386
37.336  -122.372
37.278  -122.388
37.220  -122.388
37.180  -122.354
37.139  -122.319
37.109  -122.271
37.073  -122.230
37.032  -122.196
36.999  -122.153
36.974  -122.097
36.953  -122.034
36.967  -121.972
36.980  -121.923
36.962  -121.863
36.920  -121.831
36.879  -121.796
36.833  -121.771
36.782  -121.769
36.750  -121.743
36.739  -121.769
36.696  -121.795
36.642  -121.813
36.614  -121.861
36.639  -121.909
36.598  -121.943
36.562  -121.908
36.530  -121.922
36.478  -121.905
36.428  -121.883
36.375  -121.878
36.323  -121.869
36.288  -121.829
36.244  -121.801
36.221  -121.743
36.196  -121.688
36.163  -121.644
36.121  -121.612
36.077  -121.582
36.031  -121.556
36.013  -121.492
35.972  -121.457
35.919  -121.441
35.873  -121.415
35.838  -121.374
35.802  -121.333
35.765  -121.295
35.716  -121.278
35.667  -121.257
35.648  -121.193
35.641  -121.139
35.602  -121.102
35.559  -121.071
35.518  -121.040
35.481  -121.001
35.458  -120.943
35.444  -120.878
35.402  -120.844
35.357  -120.818
35.325  -120.839
35.338  -120.846
35.286  -120.867
35.230  -120.857
35.201  -120.808
35.174  -120.757
35.182  -120.710
35.156  -120.658
35.126  -120.611
35.069  -120.603
35.011  -120.616
34.959  -120.640
34.909  -120.649
34.873  -120.609
34.821  -120.605
34.765  -120.623
34.722  -120.595
34.667  -120.605
34.618  -120.628
34.564  -120.613
34.559  -120.551
34.533  -120.499
34.490  -120.470
34.455  -120.439
34.464  -120.370
34.474  -120.300
34.474  -120.221
34.478  -120.145
34.465  -120.079
34.468  -120.003
34.445  -119.949
34.425  -119.888
34.417  -119.828
34.418  -119.766
34.394  -119.709
34.423  -119.662
34.422  -119.585
34.400  -119.525
34.380  -119.464
34.354  -119.411
34.321  -119.368
34.289  -119.323
34.270  -119.269
34.226  -119.257
34.181  -119.229
34.149  -119.188
34.119  -119.139
34.115  -119.128
34.112  -119.081
34.085  -119.029
34.064  -118.968
34.047  -118.902
34.031  -118.836
34.025  -118.791
34.042  -118.732
34.048  -118.662
34.048  -118.585
34.045  -118.525
34.007  -118.489
33.968  -118.454
33.926  -118.424
33.877  -118.402
33.826  -118.386
33.785  -118.420
33.743  -118.391
33.733  -118.336
33.718  -118.278
33.769  -118.266
33.783  -118.212
33.771  -118.164
33.753  -118.100
33.718  -118.059
33.685  -118.017
33.649  -117.977
33.618  -117.931
33.598  -117.869
33.568  -117.822
33.539  -117.774
33.502  -117.738
33.473  -117.687
33.446  -117.637
33.410  -117.597
33.378  -117.552
33.348  -117.504
33.311  -117.468
33.269  -117.437
33.231  -117.401
33.188  -117.374
33.146  -117.344
33.100  -117.318
33.050  -117.300
33.003  -117.282
32.957  -117.265
32.900  -117.253
32.848  -117.262
32.804  -117.271
32.749  -117.259
32.689  -117.268
32.667  -117.239
32.721  -117.226
32.712  -117.179
32.678  -117.139
32.632  -117.114
32.626  -117.155
32.676  -117.175
32.688  -117.214
32.650  -117.177
32.601  -117.154
32.556  -117.129
32.507  -117.121
32.451  -117.119     *CALIFORNIA, USA
32.44055   -117.10810   *Baja Calif. Mexico
32.37083   -117.07050
32.30472   -117.02920
32.26000   -116.96890
32.21389   -116.90310
32.13972   -116.87860
32.06361   -116.87360
31.99278   -116.84530
31.96944   -116.76970
31.90555   -116.72530
31.86666   -116.66060
31.82444   -116.59810
31.74667   -116.61940
31.72944   -116.69580
31.67305   -116.64250
31.59694   -116.64220
31.51944   -116.63890
31.46639   -116.58190
31.43889   -116.51000
31.37305   -116.46830
31.31250   -116.42030
31.25278   -116.37140
31.19083   -116.32500
31.11555   -116.30280
31.03833   -116.31390
30.96194   -116.30110
30.93222   -116.23220
30.87556   -116.17940
30.83694   -116.11220
30.78694   -116.05140
30.71167   -116.03750
30.63556   -116.03280
30.55861   -116.03220
30.48306   -116.04110
30.41555   -116.00170
30.47333   -115.95280
30.39778   -115.96030
30.39028   -115.88530
30.33611   -115.83000
30.26555   -115.80250
30.18778   -115.79500
30.10778   -115.78360
30.03278   -115.78860
29.95500   -115.78890
29.91222   -115.72000
29.84194   -115.69190
29.76555   -115.68920
29.71528   -115.62920
29.68111   -115.55940
29.62528   -115.50610
29.59333   -115.43690
29.55222   -115.37390
29.52667   -115.30000
29.48917   -115.23310
29.42722   -115.18690
29.42861   -115.18920
29.42389   -115.16110
29.41389   -115.08000
29.39500   -115.00610
29.36250   -114.93500
29.30416   -114.88530
29.25333   -114.82500
29.21361   -114.75970
29.14639   -114.72060
29.11444   -114.64800
29.04778   -114.60810
28.98361   -114.56330
28.93944   -114.49780
28.89889   -114.43440
28.83472   -114.39440
28.78389   -114.33690
28.72778   -114.28440
28.68555   -114.21750
28.64055   -114.15140
28.57889   -114.10530
28.51694   -114.06030
28.44000   -114.08110
28.37139   -114.11330
28.30333   -114.15080
28.22889   -114.13890
28.15778   -114.11280
28.08222   -114.13030
28.02333   -114.17830
27.97167   -114.23610
27.92056   -114.29530
27.84611   -114.27780
27.79861   -114.21470
27.73111   -114.17610
27.74166   -114.10060
27.76694   -114.02440
27.69917   -113.98690
27.71472   -114.06300
27.70167   -114.13920
27.71028   -114.21720
27.73750   -114.28890
27.79667   -114.33780
27.84278   -114.39890
27.79083   -114.45640
27.76889   -114.53080
27.76833   -114.60750
27.78333   -114.68190
27.81861   -114.75110
27.81917   -114.82860
27.84083   -114.90140
27.82917   -114.97780
27.86222   -115.04800
27.78806   -115.03170
27.71667   -114.99750
27.68806   -114.92810
27.67750   -114.85250
27.62194   -114.79940
27.55722   -114.75670
27.51722   -114.69220
27.49111   -114.61970
27.44305   -114.55810
27.39000   -114.50220
27.31555   -114.48000
27.23778   -114.47580
27.18889   -114.41330
27.16833   -114.33940
27.16055   -114.26110
27.15139   -114.18140
27.11444   -114.11420
27.05805   -114.06250
26.99889   -114.01390
27.00083   -113.93830
26.98667   -113.86050
26.93889   -113.79860
26.88111   -113.74860
26.81528   -113.70810
26.77194   -113.64310
26.74028   -113.57140
26.78833   -113.51170
26.84194   -113.45810
26.80750   -113.39110
26.78028   -113.32000
26.75861   -113.24720
26.83278   -113.22780
26.89361   -113.18190
26.96861   -113.15640
26.89750   -113.12420
26.83472   -113.16920
26.78472   -113.22830
26.70833   -113.22470
26.68583   -113.14830
26.63639   -113.08970
26.59139   -113.02440
26.54861   -112.95810
26.51861   -112.88890
26.46305   -112.83610
26.40861   -112.77750
26.36833   -112.71420
26.33555   -112.64220
26.31861   -112.56500
26.27778   -112.49970
26.28972   -112.42390
26.23722   -112.36780
26.16306   -112.34610
26.09361   -112.30920
26.05611   -112.28280
26.00611   -112.22280
25.93861   -112.18500
25.86472   -112.15530
25.79194   -112.12220
25.71805   -112.10030
25.63750   -112.10920
25.56222   -112.08640
25.63944   -112.09300
25.71417   -112.07530
25.63528   -112.07560
25.55611   -112.07310
25.47805   -112.06110
25.40083   -112.06970
25.32444   -112.06690
25.24972   -112.07440
25.18778   -112.11940
25.11000   -112.12970
25.03361   -112.13280
24.95472   -112.13610
25.02583   -112.10890
24.95639   -112.07860
24.89222   -112.11830
24.81861   -112.10390
24.74861   -112.07420
24.81889   -112.04470
24.76944   -111.98310
24.84528   -111.98810
24.78111   -111.94670
24.72361   -111.89530
24.66861   -111.84300
24.59667   -111.81890
24.52278   -111.79720
24.55389   -111.72750
24.54444   -111.65170
24.47667   -111.61390
24.42833   -111.55310
24.37944   -111.49250
24.31889   -111.44220
24.28528   -111.37170
24.24805   -111.30220
24.21111   -111.23580
24.18361   -111.16110
24.13972   -111.09670
24.10278   -111.02940
24.05111   -110.97250
23.99417   -110.92220
23.94055   -110.86830
23.90278   -110.80220
23.85167   -110.74440
23.79472   -110.69440
23.73917   -110.64170
23.69250   -110.57920
23.66166   -110.50530
23.63778   -110.43080
23.60167   -110.36330
23.55167   -110.30420
23.47917   -110.27360
23.40667   -110.24300
23.35417   -110.18800
23.28139   -110.15780
23.20694   -110.12940
23.13278   -110.11720
23.05416   -110.10220
22.98250   -110.07780
22.91833   -110.03720
22.87000   -109.97610  *Cabo San Lucas
22.88444   -109.90140
22.90972   -109.82640
22.95861   -109.76690
22.99861   -109.70000
23.06194   -109.65220
23.09916   -109.58220
23.12944   -109.51280
23.19055   -109.46580
23.26444   -109.43420
23.34167   -109.42500
23.42028   -109.41280
23.49750   -109.43050
23.56000   -109.47330
23.60583   -109.53690
23.62972   -109.61190
23.65639   -109.68280
23.72917   -109.70330
23.80556   -109.70420
23.85583   -109.76220
23.90722   -109.81890
23.98250   -109.81080
24.04055   -109.86250
24.03444   -109.93750
24.10194   -109.97530
24.17139   -110.01060
24.20694   -110.07890
24.25305   -110.14310
24.31389   -110.18800
24.35278   -110.25360
24.29417   -110.30500
24.22500   -110.27030
24.15833   -110.31000
24.12250   -110.37640
24.19583   -110.35810
24.20889   -110.43500
24.22416   -110.51080
24.27333   -110.56890
24.31111   -110.63670
24.37194   -110.68330
24.44750   -110.69470
24.52083   -110.71640
24.59889   -110.73280
24.67944   -110.72470
24.74694   -110.68330
24.82250   -110.66890
24.89917   -110.68690
24.96361   -110.72750
25.03417   -110.76110
25.06805   -110.83190
25.12694   -110.87970
25.19917   -110.90970
25.26500   -110.94750
25.34028   -110.97170
25.40500   -111.01280
25.48139   -111.01640
25.54611   -111.05580
25.55305   -111.13110
25.60722   -111.18470
25.67889   -111.21720
25.74306   -111.26530
25.81778   -111.29390
25.88500   -111.33190
25.95833   -111.36190
26.03305   -111.34220
26.10778   -111.32110
26.17278   -111.36170
26.24250   -111.39670
26.32111   -111.39140
26.38528   -111.43920
26.45611   -111.47560
26.52861   -111.49670
26.57611   -111.55920
26.65222   -111.56030
26.72722   -111.56440
26.75528   -111.63530
26.80778   -111.69140
26.85639   -111.75330
26.89639   -111.81810
26.83083   -111.85560
26.75833   -111.83170
26.69472   -111.78920
26.65250   -111.72000
26.58028   -111.69940
26.57944   -111.77470
26.64194   -111.81890
26.69555   -111.87360
26.77278   -111.89470
26.85167   -111.90750
26.90278   -111.96530
26.96778   -112.00720
27.04528   -112.01080
27.10194   -111.95530
27.10472   -111.98690
27.12417   -112.05970
27.15750   -112.13060
27.18722   -112.20220
27.26222   -112.22310
27.32222   -112.26830
27.38944   -112.30670
27.46861   -112.31110
27.54000   -112.34440
27.56472   -112.41890
27.60917   -112.48550
27.63055   -112.55810
27.69000   -112.60530
27.72556   -112.67640
27.79667   -112.70220
27.86250   -112.74720
27.93806   -112.73420
28.01361   -112.75780
28.08667   -112.78440
28.16306   -112.79250
28.23333   -112.82720
28.29278   -112.87550
28.37278   -112.87250
28.44694   -112.90420
28.43611   -112.98250
28.45555   -113.06080
28.50500   -113.12170
28.58444   -113.13060
28.66083   -113.15830
28.73417   -113.17970
28.81028   -113.19110
28.81417   -113.26610
28.79583   -113.34330
28.87556   -113.34060
28.94194   -113.37750
28.95111   -113.45360
28.89139   -113.50470
28.96278   -113.53190
29.04333   -113.53170
29.11861   -113.55440
29.17111   -113.61170
29.23972   -113.64690
29.30389   -113.68830
29.36278   -113.73750
29.41583   -113.79420
29.46611   -113.85420
29.50305   -113.92250
29.55389   -113.97780
29.59139   -114.04530
29.64889   -114.09640
29.70167   -114.15420
29.75861   -114.20610
29.77361   -114.28190
29.78861   -114.35610
29.85722   -114.39220
29.92305   -114.43140
29.97694   -114.48530
30.01444   -114.55330
30.08389   -114.58250
30.14389   -114.63080
30.21944   -114.65190
30.29833   -114.64750
30.37778   -114.63780
30.45667   -114.62860
30.53194   -114.64360
30.60028   -114.67530
30.67639   -114.69550
30.75250   -114.69280
30.83278   -114.68860
30.90611   -114.70440
30.96250   -114.75720
30.99611   -114.82970
31.07166   -114.82800
31.13194   -114.87610
31.21222   -114.87500
31.29250   -114.87250
31.36972   -114.86500
31.44500   -114.85390
31.52028   -114.85220
31.59389   -114.82500
31.65861   -114.78530
31.72805   -114.81890
31.80333   -114.84030
31.83555   -114.91060
31.89833   -114.95860
31.95333   -115.01690
31.91306   -114.95030
31.87639   -114.88110
31.82917   -114.81640
31.80556   -114.74110
31.76333   -114.67810
31.76194   -114.59580
31.71805   -114.53030
31.67222   -114.46420
31.63055   -114.40000
31.60139   -114.32940
31.55083   -114.26830
31.51472   -114.19780
31.49500   -114.12310
31.49278   -114.04670
31.53222   -113.97560
31.60139   -113.94330 *N. Gulf of California
31.58805   -113.86250
31.56278   -113.78690
31.53611   -113.71310
31.50056   -113.64220
31.42444   -113.62860
31.34944   -113.63580
31.33333   -113.60390
31.30667   -113.53030
31.28305   -113.45390
31.27028   -113.37810
31.25139   -113.29780
31.26305   -113.22170
31.21472   -113.15890
31.21944   -113.07970
31.15194   -113.03690
31.07278   -113.04690
31.03555   -113.11220
30.96111   -113.08250
30.88444   -113.09330
30.80889   -113.11580
30.73667   -113.09140
30.66139   -113.06250
30.59833   -113.01810
30.54194   -112.96530
30.48111   -112.91670
30.42194   -112.86750
30.34889   -112.84330
30.27361   -112.81470
30.21833   -112.76060
30.14222   -112.74920
30.06333   -112.75470
29.99278   -112.72830
29.91694   -112.74300
29.90361   -112.66720
29.83111   -112.64330
29.76861   -112.59860
29.69972   -112.56420
29.64333   -112.51440
29.58444   -112.46330
29.52139   -112.41780
29.45083   -112.37920
29.38028   -112.41030
29.31917   -112.36390
29.33528   -112.28860
29.30611   -112.21330
29.23055   -112.20330
29.15389   -112.18310
29.07833   -112.17610
29.00555   -112.15280
28.95222   -112.09920
28.90167   -112.03940
28.84472   -111.98720
28.80639   -111.92060
28.74611   -111.87000
28.75750   -111.94420
28.70111   -111.89190
28.64889   -111.83470
28.59972   -111.77360
28.53806   -111.72720
28.46472   -111.69550
28.43778   -111.62310
28.41055   -111.55060
28.38055   -111.48080
28.31306   -111.44190
28.26056   -111.38530
28.19889   -111.34000
28.13472   -111.29780
28.07222   -111.25250
28.02028   -111.19440
27.97444   -111.12890
27.94917   -111.05580
27.94889   -110.97750
27.88194   -110.94060
27.83805   -110.87440
27.91667   -110.86800
27.98278   -110.83190
27.90778   -110.82800
27.91361   -110.74780
27.89528   -110.67220
27.88750   -110.59670
27.83667   -110.54110
27.79694   -110.60970
27.72167   -110.58670
27.66222   -110.63440
27.58917   -110.61390
27.52167   -110.57940
27.44444   -110.55890
27.36750   -110.55390
27.37222   -110.47330
27.29694   -110.50440
27.27305   -110.42810
27.22333   -110.36800
27.16389   -110.32030
27.14667   -110.24580
27.12972   -110.16830
27.10917   -110.09560
27.11666   -110.01890
27.09167   -109.94720
27.02083   -109.91280
26.94333   -109.91140
26.87083   -109.88030
26.79833   -109.84920
26.73639   -109.80670
26.73694   -109.80500
26.72805   -109.79560
26.68444   -109.72810
26.69583   -109.64940
26.69278   -109.57360
26.69028   -109.49530
26.76500   -109.52440
26.72083   -109.46220
26.66417   -109.41190
26.61000   -109.35750
26.55861   -109.29970
26.49361   -109.25690
26.41750   -109.23890
26.34278   -109.22920
26.37139   -109.15640
26.30000   -109.12420
26.22444   -109.12310
26.29250   -109.15780
26.31333   -109.23140
26.23639   -109.24390
26.17472   -109.29140
26.24944   -109.27970
26.18361   -109.31670
26.11666   -109.35470
26.05639   -109.40640
25.98472   -109.43690
25.90917   -109.41640
25.83417   -109.42940
25.75944   -109.40830
25.68472   -109.38860
25.74500   -109.33970
25.68250   -109.29640
25.62889   -109.35000
25.63500   -109.26860
25.61528   -109.19530
25.67805   -109.24030
25.64389   -109.16890
25.57694   -109.13030
25.59305   -109.05360
25.65167   -109.00190
25.67889   -108.92810
25.73917   -108.87920
25.79417   -108.82530
25.73028   -108.86920
25.65778   -108.89750
25.59805   -108.94420
25.53806   -108.98920
25.57750   -109.05690
25.50916   -109.08970
25.46000   -109.02940
25.49778   -108.95860
25.49555   -108.88110
25.55583   -108.82920
25.51528   -108.76440
25.43750   -108.77500
25.39028   -108.71390
25.36222   -108.64220
25.35417   -108.72140
25.34694   -108.64050
25.31889   -108.56940
25.28555   -108.49750
25.25333   -108.42500
25.19500   -108.37610
25.24139   -108.31690
25.16139   -108.32720
25.15833   -108.24920
25.12167   -108.18310
25.11361   -108.10610
25.06972   -108.03890
25.00056   -108.00310
25.01417   -108.08080
25.04917   -108.14940
24.97833   -108.17420
25.04055   -108.21830
25.07833   -108.28690
25.02750   -108.22860
24.95972   -108.19250
24.89250   -108.15530
24.82778   -108.11500
24.83722   -108.03920
24.91472   -108.02670
24.99306   -108.03170
24.92305   -107.99640
24.84472   -108.00000
24.77417   -107.97250
24.76250   -108.04690
24.69722   -108.00750
24.62889   -107.97220
24.58055   -107.91110
24.55083   -107.84110
24.61722   -107.88470
24.58972   -107.81360
24.54055   -107.75330
24.48528   -107.70110
24.45194   -107.62920
24.51861   -107.58940
24.50167   -107.51580
24.43000   -107.48500
24.36139   -107.51750
24.38778   -107.59000
24.42750   -107.65470
24.46611   -107.72030
24.49028   -107.79220
24.44639   -107.72560
24.40722   -107.65940
24.37194   -107.58970
24.33111   -107.52670
24.28083   -107.46830
24.24861   -107.39640
24.18778   -107.34580
24.15000   -107.27970
24.10528   -107.21560
24.05861   -107.15250
24.01111   -107.09030
23.96917   -107.02780
23.91555   -106.97390
23.86500   -106.91580
23.79889   -106.87810
23.73000   -106.84360
23.66194   -106.80830
23.61139   -106.75050
23.56194   -106.69110
23.50583   -106.63470
23.44500   -106.58920
23.40111   -106.52250
23.33417   -106.48470
23.26305   -106.45750
23.19055   -106.42830
23.16389   -106.35580
23.10944   -106.30310
23.06111   -106.24170
23.00916   -106.18610
22.95250   -106.13580
22.89556   -106.08670
22.83472   -106.03580
22.79611   -105.96920
22.74722   -105.90940
22.69055   -105.85970
22.63972   -105.80250
22.57444   -105.76420
22.50028   -105.73550
22.43555   -105.69640
22.36694   -105.65920
22.29222   -105.64140
22.21389   -105.63640
22.13472   -105.64560
22.05611   -105.65550
21.97917   -105.64920
21.91639   -105.59940
21.86028   -105.54920
21.79194   -105.50860
21.72472   -105.47280
21.65500   -105.44060
21.58972   -105.40250
21.55611   -105.33310
21.51917   -105.26640
21.48389   -105.19440
21.41055   -105.21310
21.33667   -105.23670
21.26250   -105.21750
21.18417   -105.22860
21.10806   -105.22580
21.03833   -105.26250
21.00000   -105.33000
20.94444   -105.38190
20.89055   -105.43530
20.81972   -105.46750
20.78000   -105.53470
20.76444   -105.46030
20.76194   -105.38390
20.74833   -105.30690
20.68500   -105.25890
20.60972   -105.23550
20.55805   -105.29080
20.51305   -105.35190
20.49889   -105.42690
20.49389   -105.50330
20.48111   -105.57940
20.44139   -105.64530
 20.3672  -105.6722     CABO CORRIENTES
