5.000, -77.433  Modified MOPS outer stratum
4.917	-77.4     starts at 5N along coast to south,
4.717	-77.367   then along southern and western MOPS boundaries
4.633	-77.367
4.567	-77.317
4.517	-77.317
4.433	-77.317
4.233	-77.4
4.200	-77.4
4.167	-77.433
4.083	-77.433
4.000	-77.433
3.883	-77.433
3.883	-77.4
3.833	-77.367
3.833	-77.367
3.800	-77.283
3.800	-77.167
3.800	-77.083
3.800	-77.083
3.883	-77
3.883	-77
3.917	-76.917
3.883	-76.917
3.800	-76.917
3.767	-76.967
3.683	-77
3.567	-77.117
3.567	-77.167
3.517	-77.2
3.483	-77.233
3.400	-77.283
3.283	-77.4
3.233	-77.433
3.200	-77.483
3.167	-77.483
3.083	-77.517
2.833	-77.6
2.767	-77.633
2.683	-77.683
2.683	-77.683
2.633	-77.717
2.600	-77.833
2.600	-77.917
2.567	-78
2.567	-78
2.567	-78.033
2.600	-78.167
2.600	-78.2
2.600	-78.233
2.567	-78.283
2.567	-78.317
2.433	-78.483
2.400	-78.517
2.317	-78.567
2.233	-78.6
2.200	-78.6
2.033	-78.633
2.000	-78.6
1.967	-78.6
1.883	-78.6
1.883	-78.6
1.800	-78.6
1.800	-78.633
1.800	-78.633
1.800	-78.683
1.800	-78.717
1.767	-78.833
1.717	-78.883
1.683	-78.883
1.683	-78.917
1.633	-78.917
1.567	-78.967
1.517	-78.967
1.483	-78.967
1.483	-78.967
1.433	-78.967
1.367	-78.883
1.367	-78.883
1.367	-78.883
1.317	-78.833
1.283	-78.833
1.283	-78.833
1.283	-78.883
1.233	-78.883
1.167	-78.967
1.167	-79
1.167	-79
1.117	-79.033
1.117	-79.083
1.083	-79.2
1.083	-79.233
1.033	-79.283
1.000	-79.367
1.000	-79.4
0.883	-79.483
0.833	-79.567
0.800	-79.6
0.800	-79.6
0.800	-79.633
0.800	-79.8
0.800	-79.833
0.800	-79.883
0.800	-79.917
0.800	-80
0.683	-80.083
0.600	-80.083
0.517	-80.083
0.400	-80.083
0.367	-80.083
0.167	-80.033
0.083	-80.033
0.000	-80.083
-0.083	-80.167
-0.233	-80.283
-0.283	-80.317
-0.367	-80.367
-0.400	-80.367
-0.433	-80.4
-0.633	-80.4
-0.717	-80.4
-0.717	-80.4
-0.800	-80.433
-0.800	-80.483
-0.883	-80.517
-0.917	-80.6
-0.917	-80.6
-0.917	-80.683
-0.967	-80.683
-1.000	-80.767
-1.000	-80.8
-1.083	-80.8
-1.117	-80.8
-1.167	-80.8
-1.283	-80.8
-1.367	-80.8
-1.400	-80.8
-1.433	-80.8
-1.517	-80.8
-1.683	-80.833
-1.800	-80.833
-1.833	-80.833
-1.917	-80.8
-2.000	-80.8
-2.200	-80.8
-2.283	-80.8
-2.317	-80.8
-2.317	-80.8
-2.367	-80.767
-2.433	-80.633
-2.483	-80.6
-2.483	-80.517
-2.483	-80.483
-2.517	-80.483
-2.600	-80.4
-2.600	-80.4
-2.633	-80.317
-2.633	-80.283
-2.633	-80.283
-2.517	-80.167
-2.483	-80.117
-2.400	-80.083
-2.317	-80.033
-2.283	-80
-2.200	-79.917
-2.200	-79.883
-2.200	-79.883
-2.317	-79.883
-2.367	-79.883
-2.400	-79.883
-2.400	-79.883
-2.433	-79.883
-2.483	-79.8
-2.517	-79.8
-2.600	-79.767
-2.683	-79.8
-2.717	-79.8
-2.883	-79.8
-2.967	-79.833
-3.033	-79.833
-3.083	-79.833
-3.117	-79.883
-3.283	-80
-3.283	-80.033
-3.317	-80.083
-3.317	-80.117
-3.367	-80.167
-3.400	-80.2
-3.400	-80.233
-3.400	-80.233
-3.400	-80.283
-3.400	-80.283
-3.433	-80.317
-3.483	-80.367
-3.483	-80.367
-3.483	-80.367
-3.483	-80.4
-3.517	-80.433
-3.567	-80.483
-3.600	-80.483
-3.600	-80.517
-3.683	-80.633    Southern most coastal point of MOPS inshore stratum
-4.633	-81.233
-4.833	-81.233
-4.883	-81.2
-4.917	-81.2
-5.000	-81.167
-5.033	-81.117
-5.200	-81.083
-5.233	-81.083
-5.283	-81.083
-5.283	-81.083
-5.367	-81.033
-5.433	-80.917
-5.483	-80.883
-5.517	-80.883
-5.567	-80.833
-5.600	-80.833
-5.717	-80.883
-5.767	-80.917
-5.800	-81
-5.883	-81.033
-5.883	-81.083
-6.000	-81.033
-6.033	-81
-6.033	-80.917
-6.083	-80.883
-6.083	-80.883
-6.167	-80.767
-6.200	-80.717
-6.233	-80.683
-6.283	-80.6
-6.317	-80.567
-6.433	-80.433
-6.483	-80.367
-6.517	-80.283
-6.567	-80.233
-6.600	-80.2
-6.767	-80
-6.800	-79.967
-6.883	-79.883
-6.917	-79.883
-7.000	-79.8
-7.000	-79.767
-7.083	-79.767
-7.083	-79.683
-7.167	-79.683
-7.200	-79.633
-7.483	-79.567
-7.517	-79.517
-7.600	-79.483
-7.683	-79.483
-7.800	-79.4
-8.000	-79.2
-8.083	-79.083
-8.200	-79
-8.233	-78.917
-8.317	-78.833
-8.600	-78.767
-8.767	-78.717
-8.800	-78.717
-8.917	-78.683
-9.000	-78.633
-9.233	-78.483
-9.317	-78.433
-9.400	-78.4
-9.517	-78.367
-9.600	-78.367
-9.883	-78.233
-10.000	-78.2
-10.083	-78.2
-10.167	-78.117
-10.200	-78.083
-10.400	-77.967
-10.517	-77.883
-10.600	-77.833
-10.717	-77.8
-10.800	-77.8
-11.033	-77.767
-11.167	-77.767
-11.283	-77.717
-11.367	-77.683
-11.433	-77.633
-11.517	-77.567
-11.567	-77.483
-11.600	-77.433
-11.633	-77.4
-11.717	-77.317
-11.967	-77.2
-12.00   -81.00
-14.00   -85.00
-5.00   -115.00
-4.00   -130.00
-3.00   -135.00
-1.00   -137.00
 0.00   -136.00
 1.50   -130.50
 3.25   -145.00
 4.50   -149.00
 7.00   -153.00
 8.00   -152.50
 9.00   -151.00
13.00   -145.00
19.00   -120.00
 5.00   -120.00
 5.00    -77.433
 0.000   0.000     *MALPELO ISLAND                                   
 3.933  81.800
 3.933  81.767
 3.900  81.767
 3.900  81.800
 3.933  81.800
  0.000    0.000  GALAPAGOS ISLANDS
  1.666   92.008  Isla Darwin (Culpepper) -northernmost point
  1.658   92.000
  1.650   92.008
  1.658   92.016
  1.666   92.008
  0.000    0.000  Isla Wolf (Wenman)
  1.395   91.820
  1.395   91.812
  1.366   91.816
  1.395   91.820
  0.000    0.000  Isla Pinta
  0.641   90.775
  0.541   90.725
  0.554   90.779
  0.641   90.775
  0.000    0.000  Isla Marchena
  0.391   90.479
  0.320   90.400
  0.279   90.479
  0.341   90.541
  0.391   90.479
  0.000    0.000  Isla Genovesa
  0.345   89.945
  0.325   89.933
  0.300   89.950
  0.320   89.975
  0.345   89.945
  0.000    0.000
  -.717   89.317  Isla San Cristobal
  -.683   89.283
  -.716   89.241    Punta Pitt; easternmost point
  -.800   89.283
  -.833   89.317
  -.967   89.433
  -.967   89.517
  -.917   89.600
  -.833   89.600
  -.800   89.517
  -.767   89.433
  -.717   89.400
  -.717   89.317
  0.000    0.000  Isla Espa¤ola
 -1.341   89.662
 -1.382   89.616
 -1.395   89.683    southernmost point
 -1.366   89.745
 -1.341   89.662
  0.000    0.000  Isla Floreana (Santa Mar¡a)
 -1.216   90.425
 -1.270   90.354
 -1.358   90.441
 -1.316   90.508
 -1.216   90.425
 0.000   0.000      Isla Fernandina
  -.295   91.675    Cabo Douglas; westernmost point
  -.283   91.433    
  -.367   91.400
  -.483   91.400
  -.483   91.517
  -.483   91.600
  -.400   91.600
  -.317   91.600
  -.317   91.567
  -.317   91.433
  -.295   91.675   
  0.0000    0.0000   Isla Isabela
  .1666  -91.3416   Punta Albemarle
  .1600  -91.3416    Punta Albemarle
  .1416  -91.3250 
  .1333  -91.3083
  .0625  -91.2875
 -.0166  -91.2125
 -.0208  -91.2000    Cabo Marshall
 -.1541  -91.1958
 -.2708  -91.1208
 -.3000  -91.1000
 -.2966  -91.1083
 -.4166  -90.9666
 -.4166  -90.9541    Punta Alfaro
 -.4291  -90.9375
 -.4500  -90.9541
 -.5000  -90.9458
 -.5541  -90.9541
 -.5750  -90.9791
 -.5750  -90.9500
 -.6083  -90.9541    Bah¡a Cartago
 -.6208  -90.9208    Bah¡a Cartago
 -.6000  -90.8916    Cabo Barrington
 -.7000  -90.8500
 -.7500  -90.7791    Cabo Woodford
 -.7833  -90.8208
 -.9083  -90.8500    Punta Veintimilla
 -.9083  -90.8791
 -.9583  -90.9291    Punta Lober¡a
 -.9500  -90.9750    Puerto Villamil
 -1.045  -91.1666    Cabo Rosa
 -1.025  -91.2250
 -1.020  -91.3750
 -.9958  -91.4416    Punta Essex
 -.9458  -91.4541    Caleta Iguana
 -.9166  -91.5083    Punta Cristobal
 -.8416  -91.4833
 -.6875  -91.3208    Punta Moreno
 -.6875  -91.2500
 -.6583  -91.2166
 -.6875  -91.1833
 -.6083  -91.0708    Istmo Perry
 -.4791  -91.2250
 -.3875  -91.2250    Bah¡a Urvina
 -.3791  -91.2625
 -.2625  -91.3833    Punta Tortuga
 -.0500  -91.4125
 -.0216  -91.4291
 -.0125  -91.4750
 -.0525  -91.5666    Punta Vicente Roca
  .0000  -91.5916    Cabo Berkeley
  .0416  -91.5291
  .1083  -91.4750
  .1250  -91.3916
  .1666  -91.3416   Punta Albemarle
 0.0000    0.0000   ROCA REDONDA
  .2783  -91.6250   northern end
  .2750  -91.6208   eastern end
  .2708  -91.6250   southern end
  .2750  -91.6291   western end
  .2783  -91.6250   northern end   
  0.000    0.000  Isla Santiago
  -.200   90.683 
  -.200   90.800
  -.283   90.833
  -.367   90.833
  -.367   90.800
  -.400   90.683
  -.400   90.633
  -.317   90.600
  -.233   90.600
  -.200   90.683
  0.000    0.000  Isla Baltra
 -0.404   90.283
 -0.458   90.250
 -0.475   90.291
 -0.404   90.283
  0.000    0.000  Isla Santa Cruz
  -.483   90.167
  -.517   90.167
  -.567   90.167
  -.600   90.167
  -.633   90.167
  -.683   90.167
  -.717   90.200
  -.717   90.233
  -.767   90.233
  -.767   90.283
  -.717   90.400
  -.683   90.433
  -.600   90.433
  -.567   90.433
  -.483   90.400
  -.483   90.317
  -.483   90.283
  -.483   90.200
  -.483   90.167
  0.000    0.000  Isla Santa F‚
 -0.791   90.041
 -0.833   90.033
 -0.816   90.087
 -0.791   90.087
 -0.791   90.041
  0.000    0.000  Isla Pinz¢n
 -0.583   90.666
 -0.612   90.641
 -0.629   90.658
 -0.600   90.687
 -0.583   90.666
  0.000    0.000  Isla R bida
 -0.391   90.704
 -0.412   90.695
 -0.425   90.704
 -0.412   90.716
 -0.391   90.704
