32.556, -117.129      North coastal stratum for STAR surveys, with islands 
32.507, -117.121
32.451, -117.119        *CALIFORNIA, USA
32.44055, -117.10810   *Baja Calif. Mexico
32.37083, -117.07050
32.30472, -117.02920
32.26000, -116.96890
32.21389, -116.90310
32.13972, -116.87860
32.06361, -116.87360
31.99278, -116.84530
31.96944, -116.76970
31.90555, -116.72530
31.86666, -116.66060
31.82444, -116.59810
31.74667, -116.61940
31.72944, -116.69580
31.67305, -116.64250
31.59694, -116.64220
31.51944, -116.63890
31.46639, -116.58190
31.43889, -116.51000
31.37305, -116.46830
31.31250, -116.42030
31.25278, -116.37140
31.19083, -116.32500
31.11555, -116.30280
31.03833, -116.31390
30.96194, -116.30110
30.93222, -116.23220
30.87556, -116.17940
30.83694, -116.11220
30.78694, -116.05140
30.71167, -116.03750
30.63556, -116.03280
30.55861, -116.03220
30.48306, -116.04110
30.41555, -116.00170
30.47333, -115.95280
30.39778, -115.96030
30.39028, -115.88530
30.33611, -115.83000
30.26555, -115.80250
30.18778, -115.79500
30.10778, -115.78360
30.03278, -115.78860
29.95500, -115.78890
29.91222, -115.72000
29.84194, -115.69190
29.76555, -115.68920
29.71528, -115.62920
29.68111, -115.55940
29.62528, -115.50610
29.59333, -115.43690
29.55222, -115.37390
29.52667, -115.30000
29.48917, -115.23310
29.42722, -115.18690
29.42861, -115.18920
29.42389, -115.16110
29.41389, -115.08000
29.39500, -115.00610
29.36250, -114.93500
29.30416, -114.88530
29.25333, -114.82500
29.21361, -114.75970
29.14639, -114.72060
29.11444, -114.64800
29.04778, -114.60810
28.98361, -114.56330
28.93944, -114.49780
28.89889, -114.43440
28.83472, -114.39440
28.78389, -114.33690
28.72778, -114.28440
28.68555, -114.21750
28.64055, -114.15140
28.57889, -114.10530
28.51694, -114.06030
28.44000, -114.08110
28.37139, -114.11330
28.30333, -114.15080
28.22889, -114.13890
28.15778, -114.11280
28.08222, -114.13030
28.02333, -114.17830
27.97167, -114.23610
27.92056, -114.29530
27.84611, -114.27780
27.79861, -114.21470
27.73111, -114.17610
27.74166, -114.10060
27.76694, -114.02440
27.69917, -113.98690
27.71472, -114.06300
27.70167, -114.13920
27.71028, -114.21720
27.73750, -114.28890
27.79667, -114.33780
27.84278, -114.39890
27.79083, -114.45640
27.76889, -114.53080
27.76833, -114.60750
27.78333, -114.68190
27.81861, -114.75110
27.81917, -114.82860
27.84083, -114.90140
27.82917, -114.97780
27.86222, -115.04800
27.78806, -115.03170
27.71667, -114.99750
27.68806, -114.92810
27.67750, -114.85250
27.62194, -114.79940
27.55722, -114.75670
27.51722, -114.69220
27.49111, -114.61970
27.44305, -114.55810
27.39000, -114.50220
27.31555, -114.48000
27.23778, -114.47580
27.18889, -114.41330
27.16833, -114.33940
27.16055, -114.26110
27.15139, -114.18140
27.11444, -114.11420
27.05805, -114.06250
26.99889, -114.01390
27.00083, -113.93830
26.98667, -113.86050
26.93889, -113.79860
26.88111, -113.74860
26.81528, -113.70810
26.77194, -113.64310
26.74028, -113.57140
26.78833, -113.51170
26.84194, -113.45810
26.80750, -113.39110
26.78028, -113.32000
26.75861, -113.24720
26.83278, -113.22780
26.89361, -113.18190
26.96861, -113.15640
26.89750, -113.12420
26.83472, -113.16920
26.78472, -113.22830
26.70833, -113.22470
26.68583, -113.14830
26.63639, -113.08970
26.59139, -113.02440
26.54861, -112.95810
26.51861, -112.88890
26.46305, -112.83610
26.40861, -112.77750
26.36833, -112.71420
26.33555, -112.64220
26.31861, -112.56500
26.27778, -112.49970
26.28972, -112.42390
26.23722, -112.36780
26.16306, -112.34610
26.09361, -112.30920
26.05611, -112.28280
26.00611, -112.22280
25.93861, -112.18500
25.86472, -112.15530
25.79194, -112.12220
25.71805, -112.10030
25.63750, -112.10920
25.56222, -112.08640
25.63944, -112.09300
25.71417, -112.07530
25.63528, -112.07560
25.55611, -112.07310
25.47805, -112.06110
25.40083, -112.06970
25.32444, -112.06690
25.24972, -112.07440
25.18778, -112.11940
25.11000, -112.12970
25.03361, -112.13280
24.95472, -112.13610
25.02583, -112.10890
24.95639, -112.07860
24.89222, -112.11830
24.81861, -112.10390
24.74861, -112.07420
24.81889, -112.04470
24.76944, -111.98310
24.84528, -111.98810
24.78111, -111.94670
24.72361, -111.89530
24.66861, -111.84300
24.59667, -111.81890
24.52278, -111.79720
24.55389, -111.72750
24.54444, -111.65170
24.47667, -111.61390
24.42833, -111.55310
24.37944, -111.49250
24.31889, -111.44220
24.28528, -111.37170
24.24805, -111.30220
24.21111, -111.23580
24.18361, -111.16110
24.13972, -111.09670
24.10278, -111.02940
24.05111, -110.97250
23.99417, -110.92220
23.94055, -110.86830
23.90278, -110.80220
23.85167, -110.74440
23.79472, -110.69440
23.73917, -110.64170
23.69250, -110.57920
23.66166, -110.50530
23.63778, -110.43080
23.60167, -110.36330
23.55167, -110.30420
23.47917, -110.27360
23.40667, -110.24300
23.35417, -110.18800
23.28139, -110.15780
23.20694, -110.12940
23.13278, -110.11720
23.05416, -110.10220
22.98250, -110.07780
22.91833, -110.03720
22.87000, -109.97610  *Cabo San Lucas
22.88444, -109.90140
22.90972, -109.82640
22.95861, -109.76690
22.99861, -109.70000
23.06194, -109.65220
23.09916, -109.58220
23.12944, -109.51280
23.19055, -109.46580
23.26444, -109.43420
23.34167, -109.42500
23.42028, -109.41280
23.49750, -109.43050
23.56000, -109.47330
23.60583, -109.53690
23.62972, -109.61190
23.65639, -109.68280
23.72917, -109.70330
23.80556, -109.70420
23.85583, -109.76220
23.90722, -109.81890
23.98250, -109.81080
24.04055, -109.86250
24.03444, -109.93750
24.10194, -109.97530
24.17139, -110.01060
24.20694, -110.07890
24.25305, -110.14310
24.31389, -110.18800
24.35278, -110.25360
24.29417, -110.30500
24.22500, -110.27030
24.15833, -110.31000
24.12250, -110.37640
24.19583, -110.35810
24.20889, -110.43500
24.22416, -110.51080
24.27333, -110.56890
24.31111, -110.63670
24.37194, -110.68330
24.44750, -110.69470
24.52083, -110.71640
24.59889, -110.73280
24.67944, -110.72470
24.74694, -110.68330
24.82250, -110.66890
24.89917, -110.68690
24.96361, -110.72750
25.03417, -110.76110
25.06805, -110.83190
25.12694, -110.87970
25.19917, -110.90970
25.26500, -110.94750
25.34028, -110.97170
25.40500, -111.01280
25.48139, -111.01640
25.54611, -111.05580
25.55305, -111.13110
25.60722, -111.18470
25.67889, -111.21720
25.74306, -111.26530
25.81778, -111.29390
25.88500, -111.33190
25.95833, -111.36190
26.03305, -111.34220
26.10778, -111.32110
26.17278, -111.36170
26.24250, -111.39670
26.32111, -111.39140
26.38528, -111.43920
26.45611, -111.47560
26.52861, -111.49670
26.57611, -111.55920
26.65222, -111.56030
26.72722, -111.56440
26.75528, -111.63530
26.80778, -111.69140
26.85639, -111.75330
26.89639, -111.81810
26.83083, -111.85560
26.75833, -111.83170
26.69472, -111.78920
26.65250, -111.72000
26.58028, -111.69940
26.57944, -111.77470
26.64194, -111.81890
26.69555, -111.87360
26.77278, -111.89470
26.85167, -111.90750
26.90278, -111.96530
26.96778, -112.00720
27.04528, -112.01080
27.10194, -111.95530
27.10472, -111.98690
27.12417, -112.05970
27.15750, -112.13060
27.18722, -112.20220
27.26222, -112.22310
27.32222, -112.26830
27.38944, -112.30670
27.46861, -112.31110
27.54000, -112.34440
27.56472, -112.41890
27.60917, -112.48550
27.63055, -112.55810
27.69000, -112.60530
27.72556, -112.67640
27.79667, -112.70220
27.86250, -112.74720
27.93806, -112.73420
28.01361, -112.75780 WESTERN COAST OF GULF OF CALIFORNIA BOUNDARY
28.02028, -111.19440 EASTERN COAST OF GULF OF CALIFORNIA BOUNDARY
27.97444, -111.12890
27.94917, -111.05580
27.94889, -110.97750
27.88194, -110.94060
27.83805, -110.87440
27.91667, -110.86800
27.98278, -110.83190
27.90778, -110.82800
27.91361, -110.74780
27.89528, -110.67220
27.88750, -110.59670
27.83667, -110.54110
27.79694, -110.60970
27.72167, -110.58670
27.66222, -110.63440
27.58917, -110.61390
27.52167, -110.57940
27.44444, -110.55890
27.36750, -110.55390
27.37222, -110.47330
27.29694, -110.50440
27.27305, -110.42810
27.22333, -110.36800
27.16389, -110.32030
27.14667, -110.24580
27.12972, -110.16830
27.10917, -110.09560
27.11666, -110.01890
27.09167, -109.94720
27.02083, -109.91280
26.94333, -109.91140
26.87083, -109.88030
26.79833, -109.84920
26.73639, -109.80670
26.73694, -109.80500
26.72805, -109.79560
26.68444, -109.72810
26.69583, -109.64940
26.69278, -109.57360
26.69028, -109.49530
26.76500, -109.52440
26.72083, -109.46220
26.66417, -109.41190
26.61000, -109.35750
26.55861, -109.29970
26.49361, -109.25690
26.41750, -109.23890
26.34278, -109.22920
26.37139, -109.15640
26.30000, -109.12420
26.22444, -109.12310
26.29250, -109.15780
26.31333, -109.23140
26.23639, -109.24390
26.17472, -109.29140
26.24944, -109.27970
26.18361, -109.31670
26.11666, -109.35470
26.05639, -109.40640
25.98472, -109.43690
25.90917, -109.41640
25.83417, -109.42940
25.75944, -109.40830
25.68472, -109.38860
25.74500, -109.33970
25.68250, -109.29640
25.62889, -109.35000
25.63500, -109.26860
25.61528, -109.19530
25.67805, -109.24030
25.64389, -109.16890
25.57694, -109.13030
25.59305, -109.05360
25.65167, -109.00190
25.67889, -108.92810
25.73917, -108.87920
25.79417, -108.82530
25.73028, -108.86920
25.65778, -108.89750
25.59805, -108.94420
25.53806, -108.98920
25.57750, -109.05690
25.50916, -109.08970
25.46000, -109.02940
25.49778, -108.95860
25.49555, -108.88110
25.55583, -108.82920
25.51528, -108.76440
25.43750, -108.77500
25.39028, -108.71390
25.36222, -108.64220
25.35417, -108.72140
25.34694, -108.64050
25.31889, -108.56940
25.28555, -108.49750
25.25333, -108.42500
25.19500, -108.37610
25.24139, -108.31690
25.16139, -108.32720
25.15833, -108.24920
25.12167, -108.18310
25.11361, -108.10610
25.06972, -108.03890
25.00056, -108.00310
25.01417, -108.08080
25.04917, -108.14940
24.97833, -108.17420
25.04055, -108.21830
25.07833, -108.28690
25.02750, -108.22860
24.95972, -108.19250
24.89250, -108.15530
24.82778, -108.11500
24.83722, -108.03920
24.91472, -108.02670
24.99306, -108.03170
24.92305, -107.99640
24.84472, -108.00000
24.77417, -107.97250
24.76250, -108.04690
24.69722, -108.00750
24.62889, -107.97220
24.58055, -107.91110
24.55083, -107.84110
24.61722, -107.88470
24.58972, -107.81360
24.54055, -107.75330
24.48528, -107.70110
24.45194, -107.62920
24.51861, -107.58940
24.50167, -107.51580
24.43000, -107.48500
24.36139, -107.51750
24.38778, -107.59000
24.42750, -107.65470
24.46611, -107.72030
24.49028, -107.79220
24.44639, -107.72560
24.40722, -107.65940
24.37194, -107.58970
24.33111, -107.52670
24.28083, -107.46830
24.24861, -107.39640
24.18778, -107.34580
24.15000, -107.27970
24.10528, -107.21560
24.05861, -107.15250
24.01111, -107.09030
23.96917, -107.02780
23.91555, -106.97390
23.86500, -106.91580
23.79889, -106.87810
23.73000, -106.84360
23.66194, -106.80830
23.61139, -106.75050
23.56194, -106.69110
23.50583, -106.63470
23.44500, -106.58920
23.40111, -106.52250
23.33417, -106.48470
23.26305, -106.45750
23.19055, -106.42830
23.16389, -106.35580
23.10944, -106.30310
23.06111, -106.24170
23.00916, -106.18610
22.95250, -106.13580
22.89556, -106.08670
22.83472, -106.03580
22.79611, -105.96920
22.74722, -105.90940
22.69055, -105.85970
22.63972, -105.80250
22.57444, -105.76420
22.50028, -105.73550
22.43555, -105.69640
22.36694, -105.65920
22.29222, -105.64140
22.21389, -105.63640
22.13472, -105.64560
22.05611, -105.65550
21.97917, -105.64920
21.91639, -105.59940
21.86028, -105.54920
21.79194, -105.50860
21.72472, -105.47280
21.65500, -105.44060
21.58972, -105.40250
21.55611, -105.33310
21.51917, -105.26640
21.48389, -105.19440
21.41055, -105.21310
21.33667, -105.23670
21.26250, -105.21750
21.18417, -105.22860
21.10806, -105.22580
21.03833, -105.26250
21.00000, -105.33000
20.94444, -105.38190
20.89055, -105.43530
20.81972, -105.46750
20.78000, -105.53470
20.76444, -105.46030
20.76194, -105.38390
20.74833, -105.30690
20.68500, -105.25890
20.60972, -105.23550
20.55805, -105.29080
20.51305, -105.35190
20.49889, -105.42690
20.49389, -105.50330
20.48111, -105.57940
20.44139, -105.64530
20.36722, -105.67220
20.30000, -105.62890
20.23861, -105.58550
20.17083, -105.55110
20.09194, -105.54720
20.02167, -105.51530
20.00000, -105.50210
20.000, -105.317
19.883, -105.283
19.767, -105.283
19.717, -105.233
19.633, -105.083
19.517, -105.000
19.433, -104.883
19.317, -104.800
19.233, -104.717
19.167, -104.600
19.083, -104.483
19.033, -104.283
19.033, -104.167
19.000, -104.083
18.917, -104.000
18.800, -103.883
18.767, -103.717
18.683, -103.633
18.633, -103.567
18.567, -103.517
18.517, -103.567
18.483, -103.517
18.483, -103.483
18.433, -103.400
18.400, -103.400
18.283, -103.367
18.233, -103.283
18.200, -103.167
18.200, -103.083
18.200, -103.000
18.167, -102.917
18.117, -102.800
18.083, -102.800
18.083, -102.717
18.033, -102.683
18.000, -102.567
17.967, -102.400
17.917, -102.233
17.883, -102.083
17.883, -101.917
17.883, -101.883
17.883, -101.800
17.800, -101.683
17.767, -101.517
17.683, -101.483
17.600, -101.433
17.567, -101.433
17.567, -101.367
17.483, -101.317
17.433, -101.200
17.367, -101.083
17.283, -100.917
17.200, -100.917
17.200, -100.883
17.167, -100.800
17.167, -100.717
17.167, -100.683
17.083, -100.600
17.033, -100.517
17.033, -100.433
17.000, -100.317
16.967, -100.167
16.917, -100.000     *ACAPULCO                                         
16.883, -99.833
16.800, -99.717
16.767, -99.633
16.683, -99.517
16.683, -99.400
16.600, -99.233
16.567, -99.083
16.517, -98.967
16.483, -98.800
16.483, -98.717
16.483, -98.633
16.483, -98.600
16.400, -98.517
16.317, -98.433
16.233, -98.317
16.167, -98.200
16.083, -98.033
16.033, -97.967
16.033, -97.917
16.033, -97.833
15.967, -97.767
15.917, -97.633
15.917, -97.567
15.883, -97.433
15.883, -97.367
15.833, -97.233
15.833, -97.033
15.800, -96.917
15.767, -96.833
15.717, -96.767
15.683, -96.633
15.683, -96.567
15.600, -96.433
15.600, -96.317
15.600, -96.167
15.600, -96.033
15.633, -95.917
15.717, -95.833
15.767, -95.717
15.800, -95.633
15.833, -95.483
15.917, -95.367
16.000, -95.233
16.083, -95.117
16.167, -94.967
16.117, -95.000
16.167, -94.967
16.167, -94.883
16.200, -94.717
16.167, -94.567
16.083, -94.367
16.033, -94.167
15.967, -93.967
15.883, -93.717
15.767, -93.483
15.600, -93.317
15.433, -93.200
15.283, -93.033
15.117, -92.833
14.967, -92.683
14.800, -92.517
14.633, -92.283
14.567, -92.200
14.517, -92.200     *END MEXICO                                       
14.567, -92.200     *BEGIN GUATEMALA (PACIFIC COAST)                  
14.483, -92.167
14.483, -92.117
14.433, -92.083
14.400, -92.033
14.400, -92.000
14.317, -91.917
14.283, -91.883
14.233, -91.800
14.200, -91.800
14.117, -91.683
14.083, -91.633
14.083, -91.600
14.033, -91.567
14.033, -91.517
13.967, -91.400
13.917, -91.367
13.917, -91.317
13.917, -91.283
13.883, -91.200
13.883, -91.033
13.883, -91.000
13.883, -90.967
13.883, -90.917
13.883, -90.800
13.883, -90.717
13.883, -90.633
13.833, -90.600
13.833, -90.483
13.833, -90.433
13.800, -90.400
13.800, -90.367
13.800, -90.233
13.800, -90.200
13.800, -90.167
13.767, -90.083
13.717, -90.083
13.717, -90.033
13.683, -90.033     *END GUATEMALA,  BEGIN EL SALVADOR   
13.683, -90.000
13.600, -89.917
13.600, -89.883
13.567, -89.833
13.567, -89.800
13.517, -89.800
13.483, -89.683
13.483, -89.600
13.483, -89.517
13.483, -89.483
13.433, -89.400
13.433, -89.317
13.400, -89.233
13.400, -89.200
13.367, -89.117
13.317, -89.083
13.317, -89.033
13.283, -88.967
13.233, -88.800
13.200, -88.767
13.200, -88.717
13.200, -88.683
13.200, -88.633
13.167, -88.567
13.167, -88.483
13.167, -88.433
13.167, -88.400
13.167, -88.317
13.167, -88.233
13.167, -88.200
13.167, -88.167
13.200, -88.117
13.233, -88.000
13.233, -87.967
13.283, -87.833
13.317, -87.800
13.317, -87.767
13.367, -87.767
13.400, -87.767     *END EL SALVADOR, *BEGIN HONDURAS (PACIFIC COAST)                                                     
13.400, -87.717
13.400, -87.683
13.400, -87.633
13.367, -87.600
13.367, -87.567
13.317, -87.517
13.233, -87.483
13.200, -87.483
13.167, -87.483
13.117, -87.433
13.117, -87.400
13.083, -87.400
13.083, -87.367
13.033, -87.317
13.000, -87.317     *END HONDURAS, BEGIN NICARAGUA (PACIFIC COAST)                                                       
13.000, -87.367
13.000, -87.400
13.000, -87.433
13.000, -87.483
13.000, -87.517
12.967, -87.567
12.917, -87.567
12.883, -87.567
12.833, -87.517
12.800, -87.483
12.683, -87.400
12.683, -87.367
12.633, -87.317
12.600, -87.283
12.567, -87.283
12.483, -87.200
12.433, -87.167
12.400, -87.083
12.367, -87.033
12.317, -87.000
12.283, -87.000
12.283, -86.967
12.233, -86.917
12.200, -86.883
12.117, -86.800
12.083, -86.767
12.033, -86.767
12.000, -86.717
12.000, -86.683
11.833, -86.600
11.800, -86.567
11.767, -86.517
11.767, -86.483
11.717, -86.483
11.633, -86.400
11.600, -86.367
11.600, -86.317
11.567, -86.283
11.517, -86.283
11.483, -86.167
11.433, -86.117
11.400, -86.083
11.400, -86.033
11.367, -86.000
11.283, -85.917
11.233, -85.883
11.233, -85.833
11.200, -85.833
11.117, -85.800
11.083, -85.800
11.033, -85.767     *END NICARAGUA, *BEGIN COSTA RICA (PACIFIC COAST)                                                     
11.033, -85.800
11.000, -85.800
10.967, -85.800
10.917, -85.833
10.883, -85.833
10.833, -85.800
10.800, -85.800
10.800, -85.767
10.717, -85.767
10.683, -85.767
10.567, -85.767
10.517, -85.800
10.483, -85.800
10.433, -85.833
10.400, -85.833
10.283, -85.833
10.200, -85.800
10.167, -85.800
10.083, -85.767
10.083, -85.717
 9.967, -85.633
 9.917, -85.600
 9.883, -85.600
 9.883, -85.567
 9.883, -85.517
 9.883, -85.433
 9.833, -85.400
 9.800, -85.367
 9.800, -85.283
 9.767, -85.233
 9.683, -85.117
 9.633, -85.083
 9.600, -85.083
 9.600, -85.033
 9.683, -85.000
 9.800, -85.000
 9.800, -84.967
 9.833, -84.967
 9.883, -84.967
 9.917, -85.000
 9.917, -85.033
 9.917, -85.083
 9.967, -85.083
 9.967, -85.117
10.000, -85.117
10.000, -85.167
10.033, -85.167
10.033, -85.117
10.083, -85.117
10.083, -85.033
10.083, -85.000
10.083, -84.967
10.083, -84.917
 9.967, -84.800
 9.917, -84.800
 9.883, -84.767
 9.833, -84.717
 9.767, -84.683
 9.717, -84.683
 9.683, -84.633
 9.633, -84.600
 9.600, -84.567
 9.483, -84.483
 9.483, -84.433
 9.483, -84.367
 9.433, -84.317
 9.400, -84.283
 9.317, -84.083
 9.317, -84.033
 9.283, -84.000
 9.283, -83.917
 9.200, -83.800
 9.167, -83.800
 9.083, -83.717
 9.083, -83.683
 9.000, -83.683
 8.917, -83.683
 8.883, -83.683
 8.800, -83.683
 8.717, -83.683
 8.600, -83.633
 8.567, -83.633
 8.517, -83.600
 8.483, -83.567
 8.483, -83.483
 8.400, -83.317
 8.433, -83.283
 8.483, -83.283
 8.600, -83.367
 8.633, -83.367
 8.633, -83.400
 8.683, -83.367
 8.683, -83.317
 8.683, -83.283
 8.633, -83.233
 8.633, -83.200
 8.600, -83.200 
 8.517, -83.117
 8.483, -83.083
 8.433, -83.083
 8.400, -83.083 
 8.367, -83.083
 8.317, -83.033
 8.317, -83.000     *END COSTA RICA, *BEGIN PANAMA (PACIFIC COAST)                                                        
 8.283, -83.000
 8.283, -82.967
 8.167, -82.917
 8.117, -82.883
 8.083, -82.883
 8.117, -82.883
 8.233, -82.800
 8.283, -82.800 
 8.283, -82.767 
 8.283, -82.717
 8.283, -82.633
 8.283, -82.600
 8.283, -82.567
 8.283, -82.517
 8.283, -82.483
 8.283, -82.400
 8.283, -82.367
 8.233, -82.317
 8.233, -82.283
 8.233, -82.233
 8.200, -82.117
 8.200, -82.033 
 8.167, -81.967
 8.117, -81.883
 8.117, -81.800
 8.117, -81.767
 8.083, -81.717
 8.000, -81.633
 8.000, -81.600
 7.967, -81.600
 7.917, -81.600
 7.883, -81.567
 7.717, -81.483
 7.683, -81.433
 7.683, -81.400
 7.633, -81.400
 7.600, -81.367
 7.567, -81.317
 7.567, -81.283
 7.567, -81.233
 7.567, -81.200 
 7.633, -81.167 
 7.683, -81.117 
 7.683, -81.083
 7.717, -81.033
 7.717, -81.000
 7.633, -80.967
 7.567, -80.967
 7.483, -80.967
 7.400, -80.917
 7.367, -80.917
 7.200, -80.883
 7.167, -80.833
 7.167, -80.800
 7.167, -80.767
 7.167, -80.600
 7.167, -80.567
 7.167, -80.517
 7.200, -80.483
 7.283, -80.400
 7.317, -80.283
 7.367, -80.200
 7.400, -80.167
 7.433, -80.117
 7.483, -80.083
 7.517, -80.117
 7.600, -80.117
 7.633, -80.200
 7.683, -80.200
 7.683, -80.283
 7.767, -80.283
 7.800, -80.317
 7.883, -80.483
 7.967, -80.483
 8.000, -80.483
 8.117, -80.433
 8.167, -80.400
 8.200, -80.400
 8.200, -80.317
 8.233, -80.283
 8.283, -80.167
 8.283, -80.083
 8.367, -80.000
 8.367, -79.967
 8.400, -79.917
 8.483, -79.833
 8.517, -79.800
 8.567, -79.767
 8.600, -79.767
 8.683, -79.683
 8.800, -79.600
 8.883, -79.567
 8.883, -79.517
 8.883, -79.483
 8.917, -79.433
 8.920, -79.562  BEGIN PANAMA CANAL (PAC)
 8.920, -79.545  END PANAMA CANAL (PAC)
 8.967, -79.367
 8.967, -79.317
 8.967, -79.283
 8.967, -79.233
 8.967, -79.200
 8.833, -79.033
 8.800, -79.000
 8.800, -78.917
 8.767, -78.883
 8.767, -78.833
 8.683, -78.717
 8.683, -78.683
 8.633, -78.633
 8.600, -78.600
 8.600, -78.567
 8.483, -78.483
 8.433, -78.433
 8.400, -78.400
 8.433, -78.367
 8.483, -78.233
 8.483, -78.200
 8.483, -78.167
 8.483, -78.117
 8.367, -78.033
 8.367, -78.000
 8.317, -78.000
 8.283, -78.033
 8.283, -78.083
 8.200, -78.233
 8.167, -78.283
 8.083, -78.283
 7.967, -78.317
 7.883, -78.317
 7.683, -78.283
 7.600, -78.233
 7.600, -78.200
 7.517, -78.200
 7.433, -78.083
 7.400, -78.033
 7.367, -78.033
 7.367, -78.000
 7.317, -77.967
 7.283, -77.917
 7.283, -77.917
 7.283, -77.917
 7.283, -77.883     *END PANAMA                                       
 7.283, -77.883     *BEGIN COLOMBIA (PACIFIC COAST)                   
7.283, -77.883
7.200, -77.833
7.200, -77.833
7.200, -77.833
7.083, -77.800
7.000, -77.800
6.917, -77.800
6.883, -77.767
6.883, -77.767
6.800, -77.683
6.767, -77.683
6.717, -77.633
6.717, -77.633
6.683, -77.600 
6.600, -77.483
6.600, -77.433
6.517, -77.433
6.483, -77.400
6.400, -77.400
6.233, -77.400
6.200, -77.400
6.117, -77.400
6.083, -77.400
6.000, -77.400
5.833, -77.367
5.800, -77.367
5.717, -77.367
5.683, -77.367
5.633, -77.367
5.517, -77.433
5.517, -77.433
5.483, -77.433
5.433, -77.483
5.400, -77.483
5.200, -77.433
5.167, -77.433 
5.083, -77.433
5.000, -77.433 SOUTHERN COASTAL BOUNDARY
5       	-77.6342759 SOUTHERN BOUNDARY FOR COASTAL STRATUM	
5.0945126, -77.6338727						
5.12696,  -77.6331187						
5.2304505,	-77.6296629						
5.2433925,	-77.6291346						
5.5752831,	-77.6101784						
5.6002255,	-77.6083957						
5.6084623,	-77.6070112						
5.6275147,	-77.6024807						
5.6416397,	-77.5961975						
5.6504213,	-77.5921649						
5.6623103,	-77.5833435						
5.6748147,	-77.5734424						
5.7035309,	-77.5500031						
5.7196943,	-77.5382385						
5.741158,	-77.5234186						
5.7681461,	-77.5104582						
5.7743278,	-77.5078532						
5.8075027,	-77.4959158						
5.8376255,	-77.4863955						
5.8483807,	-77.4833374						
5.8684406,	-77.4779175						
5.8738317,	-77.4770503						
5.9069934,	-77.473988						
5.9401517,	-77.4776367						
5.94473	  ,      -77.4787339						
5.9733095,	-77.4866189						
6.0464493,	-77.5086648						
6.0420294,	-77.5116348						
6.0204749,	-77.544075						
6.0129061,	-77.5823364						
6.0204749,	-77.6205978						
6.0420294,	-77.653038						
6.0742865,	-77.6747131						
6.1123333,	-77.6823196						
6.1233625,	-77.6817093						
6.3226042,	-77.6593323						
6.3237338,	-77.6610336						
6.359622,	-77.6841431						
6.6992946,	-77.8102112						
6.7090349,	-77.8249435						
6.7900467,	-77.9071121						
6.8225093,	-77.9290466						
6.8604999,	-77.9366531						
6.8797307,	-77.9328003						
6.9781685,	-78.0186234						
6.9752641,	-78.0333328						
6.9828186,	-78.0715942						
7.0043316,	-78.1040344						
7.0117226,	-78.1107712						
7.1232381,	-78.2025604						
7.1305146,	-78.2394257						
7.1520672,	-78.2719116						
7.1525674,	-78.2724152						
7.1536512,	-78.2731476						
7.1548252,	-78.2749557						
7.1877046,	-78.3095932						
7.1838093,	-78.3293304						
7.1913605,	-78.3675919						
7.2150278,	-78.4021454						
7.2246962,	-78.4113159						
7.2547116,	-78.4308777						
7.2926669,	-78.4384842						
7.3306189,	-78.4308777						
7.3330194,	-78.4292603						
7.3444929,	-78.4499969						
7.3521094,	-78.4619787						
7.3639913,	-78.4778817						
7.3701903,	-78.4833374						
7.3850584,	-78.4954275						
7.3970528,	-78.5017726						
7.4074146,	-78.5062174						
7.4549044,	-78.5166626						
7.4617102,	-78.5181335						
7.4631686,	-78.518538						
7.4855504,	-78.5274272						
7.5053792,	-78.5407679						
7.5115798,	-78.5500031						
7.5731695,	-78.7390654						
7.5841967,	-78.8166733						
7.5416076,	-78.9499969						
7.5225525,	-79.1500015						
7.5211648,	-79.1652434						
7.5185509,	-79.1784973						
7.5195136,	-79.183379						
7.5134481,	-79.25						
7.5089395,	-79.3127465						
7.5399289,	-79.3336334						
7.5614152,	-79.3660736						
7.5689602,	-79.404335						
7.5614152,	-79.4425964						
7.5399289,	-79.4750366						
7.5077701,	-79.4967117						
7.4698334,	-79.5043182						
7.4615207,	-79.5039673						
7.4512696,	-79.5030975						
7.4352765,	-79.5138779						
7.4132849,	-79.5185426						
7.3821153,	-79.5650665						
7.3486408,	-79.5833435						
7.308086,	-79.5833435						
7.2978611,	-79.5819318						
7.2966117,	-79.5820839						
7.2701066,	-79.6113129						
7.2664927,	-79.6166687						
7.2793223,	-79.6833267						
7.2703035,	-79.8500137						
7.2587712,	-80.0103784						
7.2478333,	-80.0081863						
7.2098742,	-80.0157928						
7.1776915,	-80.037468						
7.1561866,	-80.0699081						
7.1509295,	-80.0867844						
7.1159225,	-80.2479477						
7.1148829,	-80.257637						
7.1130733,	-80.2636261						
7.112793,	-80.2650299						
7.0985079,	-80.2865753						
7.0925446,	-80.3070145						
7.0768747,	-80.3941803						
7.0752854,	-80.4120026						
7.0765247,	-80.4182816						
7.0655017,	-80.434906						
7.0592685,	-80.4569092						
7.0477662,	-80.5272446						
7.0464458,	-80.5435028						
7.0471473,	-80.5470581						
7.0408463,	-80.5711823						
7.0315113,	-80.6480103						
7.030776,	-80.6601639						
7.0317702,	-80.6651993						
7.0271688,	-80.6682968						
7.0056567,	-80.700737						
6.9989886,	-80.7256699						
6.9734826,	-80.9166718						
6.9725966,	-80.9300003						
6.9801512,	-80.9682617						
6.9906726,	-80.9841309						
6.9958215,	-81.0154266						
6.9974952,	-81.017952						
6.9976549,	-81.0187607						
7.0025401,	-81.0255585						
7.017334,	-81.0478668						
7.019733,	-81.0494843						
7.0246491,	-81.0563202						
7.0761843,	-81.1009598						
7.1000233,	-81.1344299						
7.1345273,	-81.16484						
7.133122,	-81.1833267						
7.1336704,	-81.3511989						
7.132494,	-81.375765						
7.1310922,	-81.3833389						
7.0994129,	-81.4330819						
7.0596232,	-81.4499969						
6.9752015,	-81.4248642						
6.9632865,	-81.3871466						
6.9339743,	-81.3817925						
6.9108806,	-81.3934174						
6.9080513,	-81.4427691						
6.9339743,	-81.4451245						
6.9624901,	-81.4499969						
6.9490332,	-81.5166626						
6.9391142,	-81.6781507						
6.9385199,	-81.7166672						
6.9660106,	-81.7844043						
6.9670668,	-81.7861182						
6.9810259,	-81.7968985						
7.1234556,	-82.0768465						
7.1278477,	-82.0990982						
7.149354,	-82.1315384						
7.1621532,	-82.1424255						
7.264833,	-82.2157516						
7.284214,	-82.2265396						
7.3221669,	-82.2341461						
7.327776,	-82.2330246						
7.3503504,	-82.2477798						
7.3540525,	-82.2533646						
7.3697009,	-82.2662125						
7.3835363,	-82.275383						
7.3976235,	-82.2829056						
7.3994036,	-82.2919312						
7.4181066,	-82.3214417						
7.4641142,	-82.3717728						
7.4990659,	-82.3963776						
7.5370002,	-82.4039841						
7.5632832,	-82.3987134						
7.6257203,	-82.4193939						
7.6535724,	-82.4386331						
7.7446489,	-82.6532822						
7.7402697,	-82.675499						
7.7438278,	-82.7020569						
7.744328,	-82.7038879						
7.746542,	-82.7103958						
7.751832,	-82.7413406						
7.800343,	-82.8790054						
7.8236294,	-82.9161987						
7.8557644,	-82.9378738						
7.8923201,	-82.9452101						
7.8921316,	-82.9457126						
8.006281,	-83.3452356						
8.0059996,	-83.3466644						
8.0145006,	-83.3871994						
8.1068544,	-83.5975342						
8.1273479,	-83.6277008						
8.1594591,	-83.6493759						
8.160634,	-83.6496124						
8.2497692,	-83.8178558						
8.2528191,	-83.8220062						
8.2557859,	-83.828064						
8.2794571,	-83.8692322						
8.2861795,	-83.8780594						
8.2970943,	-83.8963852						
8.3346024,	-83.9422226						
8.3408861,	-83.9492035						
8.3729801,	-83.9708786						
8.384738,	-83.9732437						
8.4356098,	-84.0559616						
8.4358015,	-84.0569305						
8.4427567,	-84.0707626						
8.4986029,	-84.1632614						
8.5130844,	-84.1818695						
8.5159531,	-84.1838074						
8.5184183,	-84.1875381						
8.5504971,	-84.2092133						
8.5883331,	-84.2168198						
8.6086893,	-84.2146835						
8.6243563,	-84.2113495						
8.6418304,	-84.2058792						
8.6561223,	-84.1962187						
8.8162251,	-84.2877018						
8.8491678,	-84.2917765						
8.8587458,	-84.2833405						
8.8725315,	-84.2736485						
8.8821068,	-84.2717639						
8.8938693,	-84.2714331						
8.9150419,      -84.2772786						
8.9196805,	-84.2786446						
9.1163554,	-84.3833389						
9.1343446,	-84.4053624						
9.1411391,	-84.4166718						
9.1413694,	-84.4201288						
9.1173887	-84.4249573						
9.0853596	-84.4466324						
9.0639563	-84.4790726						
9.0571127	-84.5056839						
9.0485954	-84.579216						
9.0233469	-84.5962982						
9.0019398	-84.6287384						
8.9947643	-84.6586914						
8.9912634	-84.7011948						
8.990922	-84.7095032						
8.9965456	-84.7381278						
9.0393792	-85.005328						
9.0381012	-85.0118332						
9.0456181	-85.0500946						
9.0640926	-85.0794373						
9.1347742	-85.1574402						
9.1493979	-85.1678009						
9.1617975	-85.1873322						
9.1848021	-85.2123337						
9.2192326	-85.2365417						
9.2196321	-85.236618						
9.2850584	-85.3082217						
9.2889088	-85.3166733						
9.2981536	-85.32873						
9.3061374	-85.3306283						
9.3116789	-85.3345337						
9.3118534	-85.3354263						
9.3226051	-85.3551178						
9.3587332	-85.4065933						
9.3440285	-85.4289017						
9.3365183	-85.4671631						
9.3388844	-85.4889297						
9.3443871	-85.5139313						
9.3495302	-85.530426						
9.3709164	-85.5628662						
9.4029198	-85.5845413						
9.4406672	-85.5921478						
9.4784098	-85.5845413						
9.4899416	-85.5767288						
9.5914898	-85.6426926						
9.6069422	-85.6508789						
9.6081991	-85.6511307						
9.6304111	-85.6661911						
9.6419115	-85.6710281						
9.6796665	-85.6786499						
9.6952894	-85.6754991						
9.7046051	-85.7155426						
9.7690365	-85.75						
9.7908561	-85.7708378						
9.8031778	-85.783177						
10.0002251	-85.9891918						
10.0658789	-86.0237926						
10.1774404	-86.103361						
10.367985	-86.2833405						
10.5000352	-86.408823						
10.6234102	-86.5312394						
10.6433955	-86.5522627						
10.7871962	-86.7035331						
10.8474293	-86.7403621						
10.8770843	-86.7584944						
10.8993743	-86.7691345						
10.9181623	-86.7801434						
10.9235548	-86.7833405						
10.9389814	-86.795477						
10.9562701	-86.811206						
11.121509	-86.9762014						
11.1472187	-87.0040343						
11.2943687	-87.1666641						
11.3677338	-87.2833405						
11.3838524	-87.3166733						
11.4087687	-87.3541304						
11.4414454	-87.3671267						
11.4572408	-87.3662128						
11.4586782	-87.3684082						
11.460721	-87.3768387						
11.4653149	-87.391098						
11.4865561	-87.4235382						
11.4996405	-87.432457						
11.5097294	-87.4478683						
11.5267925	-87.4595032						
11.5291204	-87.4630585						
11.5307636	-87.4776688						
11.5544395	-87.5814972						
11.5593462	-87.5970917						
11.5805807	-87.6295319						
11.6123562	-87.651207						
11.6128521	-87.6513062						
11.6241913	-87.6590424						
11.6335602	-87.6624451						
11.6498947	-87.6674423						
11.6780005	-87.6716461						
11.6981316	-87.6675568						
11.6957731	-87.6796646						
11.7032261	-87.717926						
11.7244492	-87.7503662						
11.7562084	-87.7720413						
11.7656231	-87.7754593						
11.7826738	-87.7806702						
11.794467	-87.7986984						
11.8329659	-87.822937						
11.8719711	-87.8361053						
11.902667	-87.8411484						
11.9386101	-87.833847						
11.9557362	-87.8455429						
11.9648485	-87.8488693						
12.0085201	-87.8623734						
12.0088291	-87.8624191						
12.0107355	-87.8630981						
12.01521	-87.8643825						
12.0187722	-87.8833389						
12.0246079	-87.9211422						
12.0941906	-88.0622547						
12.1468603	-88.1628019						
12.1533752	-88.1833267						
12.159379	-88.1990604						
12.1652472	-88.2106633						
12.1683884	-88.2166672						
12.1919661	-88.2494667						
12.2245483	-88.2792126						
12.2309176	-88.2833405						
12.2571297	-88.2922126						
12.2650159	-88.2914097						
12.2813359	-88.2833405						
12.2897062	-88.2761264						
12.2951841	-88.2777332						
12.3222771	-88.2907477						
12.3360938	-88.3025321						
12.3450747	-88.3166733						
12.354845	-88.3326767						
12.3600714	-88.3446628						
12.3805665	-88.4570028						
12.3842016	-88.4833374						
12.4035252	-88.8331768						
12.4046723	-88.8500137						
12.4107086	-88.9071932						
12.4128632	-88.9166718						
12.4610531	-89.0500031						
12.485074	-89.1098398						
12.4881856	-89.1166687						
12.5001071	-89.1346055						
12.5425377	-89.1911401						
12.5501642	-89.1981549						
12.5939718	-89.2166672						
12.6341891	-89.2639209						
12.7681579	-89.5166702						
12.7711551	-89.5235388						
12.7735485	-89.5500031						
12.7860191	-89.6500015						
12.8074022	-89.75						
12.8103657	-89.7594465						
12.8394044	-89.8500137						
12.8428717	-89.8596732						
12.861177	-89.8833389						
12.8753729	-89.8925845						
12.8922893	-89.9006903						
12.9262584	-90.0833435						
12.8979405	-90.2500076						
12.8979405	-90.2601927						
12.8999921	-90.2833405						
12.9078703	-90.2915878						
12.9256373	-90.2984463						
12.940362	-90.3015083						
12.954204	-90.2975421						
12.9728508	-90.2941287						
12.9968103	-90.3166733						
13.0000875	-90.3220598						
13.0053358	-90.330892						
13.0160261	-90.3500137						
13.0702934	-90.4492396						
13.070613	-90.4503251						
13.0756333	-90.4833374						
13.0741279	-90.5166702						
13.0955789	-90.5833435						
13.1027641	-90.6033692						
13.1260977	-90.6500015						
13.135232	-90.6617209						
13.167695	-90.6871653						
13.1953322	-90.6882856						
13.200161	-90.6864114						
13.2066521	-90.6833267						
13.245269	-90.6629959						
13.2532926	-90.6500015						
13.2650652	-90.6433237						
13.2754166	-90.6393672						
13.2975111	-90.6364967						
13.3361857	-90.643597						
13.3529732	-90.6500015						
13.3623905	-90.6542558						
13.3800419	-90.6651896						
13.4047099	-90.6833267						
13.3786068	-90.7166672						
13.3513501	-90.75						
13.3299532	-90.7711028						
13.3156471	-90.7833405						
13.2975111	-90.7906919						
13.2755624	-90.7833405						
13.2488928	-90.8000603						
13.200161	-90.8353952						
13.1892497	-90.8500137						
13.1823661	-90.9166718						
13.1883311	-91.0166626						
13.1916234	-91.0254302						
13.2907667	-91.2764117						
13.3948231	-91.4807245						
13.3982295	-91.4833374						
13.4520304	-91.5578638						
13.5893278	-91.7640723						
13.5936318	-91.7789116						
13.6039038	-91.8166733						
13.6052148	-91.8336662						
13.6104107	-91.8500137						
13.6217289	-91.8750076						
13.6541262	-91.9449982						
13.7037117	-92.0500031						
13.7512932	-92.1413424						
13.7702083	-92.1638635						
13.7831523	-92.1833267						
13.821536	-92.2443627						
13.82476	-92.2500076						
13.8378559	-92.2833405						
13.8400722	-92.2919425						
13.842027	-92.3166733						
13.8424881	-92.343898						
13.8478617	-92.3833389						
13.8484259	-92.3857413						
13.8575595	-92.4166718						
13.8643583	-92.4335927						
13.8880128	-92.4833374						
13.8964156	-92.5005785						
13.9057497	-92.5166702						
13.969535	-92.6166687						
13.9778633	-92.6292289						
14.0102119	-92.6744747						
14.0199434	-92.6833267						
14.0425549	-92.694631						
14.0520879	-92.6931547						
14.0649659	-92.6833267						
14.0748949	-92.677581						
14.0785574	-92.679552						
14.0847358	-92.6833267						
14.1072292	-92.6993944						
14.1282918	-92.7166672						
14.1395578	-92.7259061						
14.3011389	-92.8643492						
14.3201873	-92.8833389						
14.3235642	-92.9166718						
14.3162671	-92.9322764						
14.3011389	-92.9563813						
14.2845485	-92.9833374						
14.2802339	-92.9950992						
14.2487458	-93.1166687						
14.2451806	-93.1500015						
14.2478725	-93.1617104						
14.2555753	-93.1833267						
14.2720892	-93.2166672						
14.2908592	-93.25						
14.5354973	-93.6833267						
14.6562061	-93.8217522						
14.7190708	-93.8833389						
14.7625843	-93.9833374						
14.7685662	-94.0166702						
14.7851887	-94.0468958						
14.7871693	-94.0500031						
14.8574006	-94.141977						
15.0524569	-94.4499969						
15.0564833	-94.4640562						
15.0641022	-94.4833374						
15.0823679	-94.524197						
15.0952915	-94.5500031						
15.1072865	-94.57223						
15.114438	-94.5833435						
15.2973678	-94.8197295						
15.3003168	-94.8221882						
15.3533879	-94.8616536						
15.3895782	-94.8833389						
15.4441974	-94.9166718						
15.4532776	-94.9247107						
15.4610291	-94.9327497						
15.4663112	-94.9445201						
15.468584	-94.9499969						
15.5895224	-95.3033161						
15.5827843	-95.3166733						
15.5784869	-95.3281308						
15.5895224	-95.6543215						
15.627942	-95.843458						
15.6397278	-96.0312071						
15.6027947	-96.2304492						
15.5738711	-96.3833389						
15.5744153	-96.3909728						
15.4087582	-96.8277051						
15.3944578	-96.8499069						
15.3884443	-96.8812599						
15.387931	-96.8839363						
15.3871193	-96.8881683						
15.3887053	-96.9062271						
15.4023523	-96.9833069						
15.402895	-96.9883118						
15.4085646	-97.0111389						
15.4084625	-97.0116653						
15.4111948	-97.0353012						
15.4136963	-97.0459671						
15.413887	-97.0465698						
15.41395	-97.0471268						
15.4149513	-97.0514603						
15.4172287	-97.0587387						
15.4189463	-97.0677948						
15.4244709	-97.0867615						
15.445364	-97.1192017						
15.4553156	-97.1260986						
15.4567919	-97.134758						
15.4570169	-97.1355515						
15.4572153	-97.1379623						
15.462718	-97.1711273						
15.4686565	-97.1924286						
15.4895449	-97.2248688						
15.5208025	-97.2465439						
15.5237074	-97.247139						
15.5241156	-97.2490616						
15.5291824	-97.2657623						
15.550065	-97.2982025						
15.5549965	-97.3016205						
15.5552778	-97.3043137						
15.5844078	-97.4418259						
15.5805435	-97.461998						
15.583518	-97.4866562						
15.5896873	-97.5118256						
15.5940437	-97.5254288						
15.6066475	-97.5450134						
15.6035538	-97.5611649						
15.6063585	-97.5851212						
15.6485453	-97.7626266						
15.6530695	-97.7769318						
15.6739388	-97.8093719						
15.7051678	-97.8310471						
15.7079725	-97.8316269						
15.7110453	-97.8337555						
15.7201214	-97.8478699						
15.7493839	-97.868187						
15.7843704	-97.9050369						
15.787796	-97.9229279						
15.8059578	-97.9524536						
15.807291	-97.9539566						
15.8411932	-97.9785461						
15.8477678	-97.9799042						
15.8487158	-97.9815445						
15.8528843	-97.9867859						
15.8521729	-97.9905014						
15.8579884	-98.0247421						
15.8772951	-98.0799186						
15.8941249	-98.1500015						
15.9064748	-98.1833267						
15.9087106	-98.1850651						
15.914606	-98.1877196						
15.9681439	-98.2793398						
15.9686222	-98.280838						
15.9919566	-98.3200908						
16.0083433	-98.3481336						
16.0071258	-98.4166718						
16.0059462	-98.5166626						
16.0065365	-98.531249						
16.0083616	-98.5481039						
16.0734578	-98.7196266						
16.1026459	-98.780959						
16.1040505	-98.7833405						
16.230732	-98.8661556						
16.3377794	-98.9718362						
16.4084363	-99.1315333						
16.4190479	-99.1668489						
16.3976307	-99.1712875						
16.3665085	-99.1929626						
16.3457127	-99.2254028						
16.3384094	-99.2636642						
16.3457127	-99.3019257						
16.3498344	-99.3109894						
16.3638401	-99.3381577						
16.3805141	-99.3615341						
16.3926144	-99.3699646						
16.4351063	-99.4592667						
16.4365044	-99.4612961						
16.4367523	-99.4625931						
16.4398422	-99.4694977						
16.4440899	-99.4917603						
16.4481754	-99.5007553						
16.4725189	-99.5480881						
16.4822311	-99.5617218						
16.4864159	-99.5864944						
16.4902515	-99.597496						
16.4919224	-99.600235						
16.4925079	-99.6033325						
16.5210571	-99.6758041						
16.5226637	-99.6830824						
16.5186024	-99.6980605						
16.5806235	-99.8938897						
16.3915024	-100.1881637						
16.3825607	-100.205574						
16.3819141	-100.2089614						
16.3742237	-100.2234039						
16.3669224	-100.2616653						
16.3742237	-100.2999267						
16.3950195	-100.3323669						
16.426136	-100.354042						
16.44627	-100.3582153						
16.4389591	-100.3964996						
16.4462585	-100.434761						
16.469244	-100.4694213						
16.6247044	-100.6215515						
16.6476326	-100.655899						
16.7703381	-100.7743988						
16.7958924	-100.7914911						
17.2862917	-101.9929698						
17.3578571	-102.1644285						
17.3962746	-102.2908325						
17.3990402	-102.2987594						
17.4197216	-102.3311996						
17.4284897	-102.3373413						
17.4297276	-102.3418197						
17.4332218	-102.3522644						
17.4348278	-102.3547821						
17.4353886	-102.3585968						
17.4452267	-102.3912658						
17.447567	-102.3980026						
17.4480305	-102.4011688						
17.4851589	-102.5249176						
17.4859619	-102.5312652						
17.4901333	-102.5474319						
17.4940853	-102.5595932						
17.5147552	-102.5920333						
17.5452569	-102.6134073						
17.5456867	-102.6137084						
17.5468674	-102.6139526						
17.5605907	-102.635498						
17.5693054	-102.6555175						
17.5886173	-102.6847						
17.5897255	-102.6854782						
17.5928001	-102.6945953						
17.6099434	-102.7215118						
17.6100025	-102.7219085						
17.6246777	-102.7695693						
17.6273174	-102.7770919						
17.6345387	-102.7884368						
17.6337376	-102.7926635						
17.637022	-102.818695						
17.6467579	-102.8565867						
17.6526966	-102.8796997						
17.6566639	-102.8919296						
17.6570168	-102.8924865						
17.6571655	-102.8932647						
17.668148	-102.9138336						
17.6744414	-102.9229117						
17.7106667	-102.9751663						
17.7203331	-102.9870376						
17.7215157	-102.9878692						
17.7266254	-102.9952392						
17.7271996	-102.9982604						
17.7376175	-103.018013						
17.8141232	-103.1307983						
17.8146896	-103.1357727						
17.8284817	-103.1953964						
17.8327045	-103.2156906						
17.8377533	-103.2325973						
17.8445396	-103.2432708						
17.8449745	-103.2472534						
17.8771572	-103.3930816						
17.8776379	-103.3946533						
17.8776836	-103.3951034						
17.8838539	-103.4239349						
17.8846089	-103.4264378						
17.8887787	-103.4402618						
17.9094048	-103.472702						
17.9131185	-103.4753102						
18.4962449	-104.4199751						
18.4992542	-104.4359283						
18.5183926	-104.4668426						
18.557713	-104.5101402						
18.6784706	-104.6431121						
18.6808662	-104.6469573						
18.7110443	-104.6797943						
18.7178192	-104.6846542						
18.7240391	-104.6945114						
18.7883987	-104.7628479						
18.7923336	-104.7656326						
18.7945175	-104.7691116						
18.887888	-104.8689498						
18.890337	-104.8706893						
18.8987331	-104.8838424						
18.9419174	-104.9286727						
18.9719868	-104.949707						
19.0081673	-104.9573135						
19.0255983	-104.9536481						
19.1365714	-105.1000617						
19.1523781	-105.1179911						
19.2468395	-105.1695621						
19.2564552	-105.1731228						
19.2783089	-105.173559						
19.3543625	-105.1832962						
19.4013717	-105.2166976						
19.4670549	-105.2832592						
19.4920713	-105.3234527						
19.5532427	-105.4499969						
19.5612793	-105.4699783						
19.5663601	-105.4832992						
19.568477	-105.4909537						
19.5707611	-105.5167007						
19.5515773	-105.5602852						
19.7238805	-105.6892607						
19.7496567	-105.707552						
19.757674	-105.7081617						
19.7810287	-105.6948317						
19.8123951	-105.6991888						
19.8265501	-105.7016206						
19.8744871	-105.7173578						
19.9663582	-105.7529616						
20.1257267	-105.810377						
20.1883163	-105.8183157						
20.3421058	-105.8121159						
20.3540611	-105.8311996						
20.3608837	-105.8377914						
20.4939346	-105.9542922						
20.5175018	-105.9693756						
20.5533333	-105.9769821						
20.5728255	-105.9728433						
21.2638967	-107.1845526						
21.5232003	-107.6392101						
22.611232	-109.5469417						
22.6103954	-109.5514984						
22.614399	-109.5806274						
22.624239	-109.6156311						
22.6272602	-109.6247634						
22.6334496	-109.6348037						
22.6650448	-109.7410125						
22.6676197	-109.7485961						
22.6876183	-109.7810363						
22.7059536	-109.7943191						
22.7706528	-110.0360336						
22.7740173	-110.0464248						
22.7741413	-110.0466308						
22.7746868	-110.049591						
22.7973862	-110.0848617						
22.797554	-110.0850296						
22.7981377	-110.0854339						
22.8060608	-110.0988082						
22.8460581	-110.1454272						
22.846861	-110.2257033						
22.8063984	-110.2304415						
22.7848647	-110.25						
22.7803057	-110.3167037						
22.7843446	-110.3833007						
22.7937164	-110.3917033						
22.8244457	-110.4134618						
22.8539501	-110.4153768						
22.8551693	-110.4142219						
22.8670861	-110.3962594						
22.8991471	-110.3643743						
22.9166069	-110.3558488						
22.9443478	-110.348786						
22.9294376	-110.4073562						
22.9261093	-110.4339981						
22.9331188	-110.4722595						
22.9379158	-110.4800567						
22.9269619	-110.5240859						
22.9237747	-110.5501632						
22.9307842	-110.5884246						
22.9325256	-110.5912551						
22.9326172	-110.5917587						
22.9525776	-110.6241989						
22.9824448	-110.645874						
23.0176659	-110.6534805						
23.0316257	-110.6523284						
23.1452574	-110.6333677						
23.1347895	-110.7166976						
23.1092609	-110.7592862						
23.0700455	-110.8267821						
23.0700455	-110.8595451						
23.136083	-110.8884357						
23.1807718	-110.9037249						
23.1878978	-110.8833007						
23.1926842	-110.878668						
23.2101553	-110.8833007						
23.2178092	-110.8893107						
23.3269475	-111.0167007						
23.320942	-111.0832977						
23.2845783	-111.278271						
23.2510822	-111.3499984						
23.2580764	-111.3833007						
23.269599	-111.3996384						
23.2845783	-111.4167022						
23.3029484	-111.4499969						
23.3070821	-111.4588215						
23.3561206	-111.6500015						
23.3600148	-111.6654597						
23.343525	-111.6808151						
23.3896846	-111.6977885						
23.4286076	-111.7166976						
23.4375954	-111.7227047						
23.451765	-111.7345701						
23.5984288	-111.907978						
23.685542	-112.0167007						
23.7431126	-112.0821086						
23.90906	-112.2369873						
23.9181137	-112.291275						
23.9235878	-112.3115921						
23.9433975	-112.3440322						
23.9730415	-112.3657073						
24.0079994	-112.3733139						
24.0429478	-112.3657073						
24.043517	-112.3652908						
24.0783653	-112.3987724						
24.1735218	-112.5167007						
24.3314901	-112.627507						
24.3520069	-112.6001742						
24.3737623	-112.5832977						
24.3789189	-112.5795097						
24.3823738	-112.5797636						
24.3975534	-112.5832977						
24.4127331	-112.5915396						
24.503767	-112.6752247						
24.6198483	-112.7775933						
24.6788938	-112.824131						
24.6856518	-112.8288236						
24.7834644	-112.8423227						
24.9579735	-112.8641635						
24.9881916	-112.8654495						
25.005312	-112.8644294						
25.0788193	-112.8744921						
25.0955313	-112.8833007						
25.380394	-113.1715741						
25.3918802	-113.1832962						
25.4105091	-113.2030707						
25.4417158	-113.25						
25.4413862	-113.2824508						
25.4413007	-113.2840614						
25.4415949	-113.3167037						
25.4427149	-113.3476774						
25.4509593	-113.3833007						
25.4718188	-113.4499969						
25.4962836	-113.4832992						
25.4989221	-113.4853933						
25.6511574	-113.5928851						
25.6812191	-113.6126375						
25.7228355	-113.5961746						
25.7283566	-113.5832977						
25.721486	-113.550003						
25.712623	-113.5182144						
25.7412891	-113.4867454						
25.8913345	-113.4994612						
25.9213219	-113.5171258						
25.951313	-113.540801						
25.9700945	-113.5624342						
25.9715758	-113.5832977						
25.9812851	-113.6077637						
25.9848909	-113.6166992						
25.9859088	-113.6183042						
25.9870777	-113.6477432						
25.9880905	-113.6528167						
25.9874916	-113.656166						
25.9874916	-113.6894989						
25.9943314	-113.7277603						
26.013813	-113.7602005						
26.0235806	-113.7674636						
26.0797558	-113.8672561						
26.0923538	-113.8848648						
26.0952396	-113.8870086						
26.0958557	-113.8880386						
26.1032047	-113.8953704						
26.1498947	-113.9370346						
26.1602249	-113.94384						
26.1747322	-113.9680328						
26.2018204	-113.988739						
26.4168854	-114.0950775						
26.4484615	-114.1025466						
26.4968262	-114.1255187						
26.5318336	-114.1334838						
26.5374031	-114.1322479						
26.5549068	-114.1462478						
26.5615749	-114.1499099						
26.5705948	-114.1522521						
26.5786629	-114.1587524						
26.5911674	-114.1657485						
26.592556	-114.1661148						
26.5937614	-114.1670608						
26.6619511	-114.2023925						
26.6994991	-114.211647						
26.704874	-114.2104568						
26.7107506	-114.2134552						
26.7478333	-114.2224807						
26.7819977	-114.2148742						
26.8013225	-114.2004073						
26.8675424	-114.2604506						
26.9660454	-114.3700732						
27.0114814	-114.4656781						
27.0576687	-114.550003						
27.1078274	-114.6242085						
27.1570163	-114.6832962						
27.22623	-114.7833023						
27.2416851	-114.807094						
27.2426058	-114.8167037						
27.242346	-114.8270251						
27.2371532	-114.8499984						
27.235701	-114.8833007						
27.2627964	-114.9425056						
27.2654279	-114.9470398						
27.4125825	-115.0813768						
27.4404659	-115.072454						
27.4490937	-115.0597139						
27.470047	-115.0487429						
27.4996204	-115.0480301						
27.5827054	-115.1103829						
27.6005587	-115.1500015						
27.6106911	-115.1752439						
27.651574	-115.3167037						
27.6981229	-115.3926818						
27.7359371	-115.4497089						
27.9236841	-115.6289734						
28.0011787	-115.6973068						
28.2364044	-115.7469826						
28.3831501	-115.7569806						
28.7052879	-115.7633318						
28.7284685	-115.75						
28.7501609	-115.6832962						
28.7582163	-115.6563073						
28.7605188	-115.6463176						
28.7594173	-115.6166992						
28.763752	-115.6004623						
28.8016541	-115.5265873						
28.8108856	-115.5167007						
28.9216813	-115.4302871						
28.9389534	-115.4296141						
28.9556701	-115.4309171						
28.9681244	-115.4365306						
28.9872146	-115.4499969						
29.0339297	-115.4918815						
29.11361	-115.550003						
29.2632843	-115.6500015						
29.2884712	-115.6648393						
29.5145527	-115.7905139						
29.580696	-115.8260957						
29.6190453	-115.9110565						
29.6225758	-115.916603						
29.6248779	-115.9278717						
29.6365547	-115.9548721						
29.6451817	-115.9686737						
29.6539116	-115.9837036						
29.6820965	-116.0053787						
29.7153339	-116.0129852						
29.731739	-116.0111846						
29.7367001	-116.010086						
29.741333	-116.0111465						
29.7583618	-116.0092086						
29.8610115	-115.9855422						
29.8672049	-115.9833714						
29.8683319	-115.9840191						
29.9261303	-116.0350597						
29.9195917	-116.0424669						
29.898303	-116.1166992						
29.9098049	-116.135515						
29.9258019	-116.1500015						
29.9838982	-116.1814775						
30.0081357	-116.1779541						
30.0127678	-116.1734902						
30.0242016	-116.1500015						
30.0314241	-116.1382257						
30.0416298	-116.1297361						
30.0508379	-116.1235007						
30.0623283	-116.1433715						
30.0903988	-116.1650466						
30.1158104	-116.172264						
30.1421127	-116.1749725						
30.1507149	-116.1898651						
30.1787605	-116.2115402						
30.1996803	-116.2181549						
30.4366665	-116.2571487						
30.4416828	-116.2610397						
30.4483604	-116.2638778						
30.577034	-116.3118194						
30.582901	-116.3167037						
30.5884457	-116.3268111						
30.5977706	-116.3499984						
30.5967223	-116.3929358						
30.6218147	-116.4778695						
30.7302017	-116.550003						
30.7683122	-116.5741937						
30.7764415	-116.5352548						
30.7956184	-116.4908667						
31.0266628	-116.59347						
31.0931118	-116.6289828						
31.2177486	-116.7119942						
31.2243961	-116.7166976						
31.2331616	-116.7320005						
31.2609181	-116.7833023						
31.2462654	-116.8034545						
31.2086665	-116.8060652						
31.1892338	-116.8063939						
31.1752184	-116.8167037						
31.1887584	-116.8494435						
31.189935	-116.8508173						
31.2177486	-116.8712185						
31.2462654	-116.8716663						
31.3505093	-116.8613324						
31.39203	-116.8499984						
31.4455585	-116.8322797						
31.4876428	-116.8340214						
31.5024357	-116.8365525						
31.5296254	-116.8485598						
31.6160583	-116.8977939						
31.686714	-116.9392211						
31.6875954	-116.9444274						
31.7060375	-116.9768676						
31.7336292	-116.9985427						
31.7661667	-117.0061492						
31.7951202	-117.0001754						
31.8596001	-116.9726791						
31.8641442	-116.9692745						
31.8827927	-116.9814067						
32.0120473	-117.1137794						
32.0124965	-117.1166992						
32.0158203	-117.1176435						
32.0685806	-117.1716766						
32.0730896	-117.1984252						
32.0914536	-117.2308654						
32.1189308	-117.2525405						
32.1513329	-117.260147						
32.1706429	-117.257286						
32.1743431	-117.2792587						
32.192688	-117.3116989						
32.2154846	-117.330902						
32.2276611	-117.3379058						
32.2646675	-117.3479843						
32.2970161	-117.3403778						
32.3155098	-117.3257598						
32.3388443	-117.3442077						
32.3711662	-117.3518142						
32.3901593	-117.3473429						
32.4719778	-117.4070334						
32.4919701	-117.402247						
32.5200844	-117.4054371						
32.5481873	-117.4104758						
32.5824952	-117.4189422						
32.5353394	-117.1223831  STARTING POINT FOR COASTAL STRATUM	
32.556,         -117.129      NORTHERN COASTAL BOUNDARY 
0.000   0.000
32.444  117.300   Islas Los Coronados
32.439  117.302
32.432  117.295
32.437  117.296
32.444  117.300
 0.000    0.000
32.425  117.250
32.405  117.249
32.407  117.245
32.388  117.241
32.388  117.239
32.413  117.242
32.425  117.250
 0.000   0.000     *CEDROS ISLAND
27.967 115.033
27.967 115.083
28.000 115.083
28.000 115.117
28.033 115.167
28.083 115.200
28.083 115.117
28.200 115.117
28.283 115.083
28.283 115.033
28.200 115.000
28.167 115.000
28.083 115.000
28.033 115.000
28.000 115.000
27.967 115.000
27.917 115.033
27.967 115.033
 0.0000 0.000
28.304  115.529   Islas San Benitos
28.304  115.533
28.313  115.536
28.310  115.541
28.294  115.537
28.304  115.529
 0.000    0.000
28.314  115.579
28.308  115.562
28.310  115.553
28.314  115.579
 0.000    0.000
28.318  115.596
28.304  115.598
28.296  115.586
28.300  115.570
28.309  115.568
28.307  115.575
28.316  115.583
28.318  115.596
 0.000    0.000
27.77222  114.29920  Island at mouth of Scamon's Lagoon
27.73583  114.22920
27.81083  114.24110
27.82000  114.32000
27.77222  114.29920
  .00000      .00000
25.49583  112.11030 Islas Santa Margarita
25.41861  112.08780
25.34417  112.10000
25.42000  112.10140
25.49583  112.11030
  .00000      .00000
25.28111  112.13360 Islas Santa Margarita
25.20000  112.13330
25.12417  112.15860
25.04861  112.17530
24.97194  112.18530
24.89472  112.19170
24.81861  112.19470
24.75194  112.15110
24.67472  112.14310
24.61361  112.09560
24.55305  112.04940
24.60250  112.10890
24.65306  112.16690
24.72750  112.15470
24.79361  112.19310
24.79750  112.27000
24.87194  112.25860
24.94361  112.22920
25.01667  112.20060
25.09000  112.18000
25.16194  112.15810
25.23833  112.14670
25.28111  112.13360
  .00000      .00000
24.53000  112.01140 Islas Santa Margarita
24.53000  111.92970
24.53555  111.85170
24.47805  111.79580
24.43000  111.73420
24.36472  111.69550
24.38139  111.77080
24.42750  111.83500
24.46083  111.90420
24.50750  111.96670
24.53000  112.01140
  .00000      .00000
24.36583  111.66970  Islas Santa Margarita
24.39055  111.59830
24.37139  111.52440
24.37583  111.60280
24.36583  111.66970
 0.000   0.000    Tres Marias Islands
21.688  106.661   Isla Maria Madre
21.690  106.598
21.649  106.540
21.616  106.533
21.583  106.506
21.551  106.510
21.531  106.535
21.595  106.616
21.656  106.651
21.688  106.661
 0.000    0.000
21.446  106.488   Isla Maria Magdalena
21.460  106.502
21.486  106.433
21.480  106.366
21.450  106.356
21.443  106.381
21.411  106.391
21.408  106.415
21.443  106.463
21.446  106.488
 0.000    0.000
21.316  106.275   Isla Maria Cleofas
21.291  106.272
21.283  106.232
21.328  106.225
21.326  106.252
21.316  106.275
 0.000    0.000
20.726  105.855   Roca Corbetena
20.725  105.855
20.725  105.856
20.726  105.856
20.726  105.855
 0.000    0.000
20.674  105.640   La Tres Marietas
20.673  105.641
20.673  105.640
20.674  105.640
 0.000    0.000
20.608  105.683
20.610  105.685
20.609  105.683
20.608  105.681
20.608  105.683
 0.000    0.000
20.690  105.590
20.690  105.593
20.688  105.595
20.690  105.593
20.690  105.590
 0.000    0.000
21.766  106.683   Isla San Juanito
21.739  106.670
21.723  106.677
21.743  106.666
21.766  106.683
 0.000    0.000
27.098  114.286   Isla Asuncion
27.100  114.283
27.111  114.287
27.101  114.290
27.098  114.286
 0.000    0.000
27.849  115.175   Isla Natividad
27.863  115.158
27.875  115.166
27.878  115.179
27.896  115.208
27.891  115.219
27.871  115.186
27.858  115.184
27.849  115.175
 0.000    0.000
27.894  115.221   Roca Maria
27.895  115.221
27.895  115.222
27.894  115.222
27.894  115.221
 0.000    0.000
24.138 109.800    Isla Cerralvo
24.175 109.796
24.185 109.800
24.291 109.853
24.375 109.918
24.373 109.922
24.320 109.928
24.318 109.917
24.305 109.915
24.292 109.908
24.266 109.917
24.233 109.900
24.225 109.905
24.147 109.858
24.138 109.800
 0.000   0.000
24.398 110.340     Isla Del Espiritu Santo
24.425 110.305
24.452 110.303
24.460 110.283
24.477 110.266
24.488 110.295
24.500 110.298
24.520 110.325
24.520 110.367
24.537 110.347
24.573 110.375
24.580 110.392
24.578 110.405
24.562 110.409
24.543 110.407
24.525 110.393
24.528 110.383
24.520 110.375
24.518 110.393
24.472 110.380
24.467 110.352
24.450 110.375
24.425 110.363
24.435 110.355
24.427 110.342
24.408 110.348
24.398 110.340
 0.000   0.000
24.823 110.592     Isla San Francisco
24.838 110.583
24.832 110.575
24.826 110.578
24.820 110.567
24.812 110.575
24.823 110.592
 0.000   0.000
25.100 110.717     Isla San Jose
25.048 110.726
25.027 110.720
25.026 110.703
25.022 110.704
25.010 110.685
24.942 110.662
24.923 110.647
24.912 110.650
24.918 110.625
24.883 110.575
24.863 110.601
24.860 110.591
24.875 110.536
24.915 110.538
24.932 110.532
24.955 110.560
25.009 110.567
25.023 110.576
25.037 110.648
25.050 110.680
25.100 110.717
 0.000   0.000
25.308 110.700     Isla Santa Cruz
25.260 110.723
25.260 110.733
25.270 110.738
25.298 110.735
25.308 110.700
 0.000   0.000
25.593 110.800    Isla Santa Catalina
25.587 110.786
25.598 110.765
25.650 110.768
25.660 110.765
25.672 110.772
25.710 110.777
25.710 110.787
25.678 110.803
25.593 110.800
 0.000   0.000
25.697 111.068     Monserrate
25.658 111.055
25.638 111.052
25.642 111.035
25.666 111.022
25.683 111.025
25.695 111.040
25.707 111.043
25.707 111.048
25.700 111.053
25.697 111.068    
 0.000   0.000
26.000 111.093     Isla Carmen
26.064 111.078
26.063 111.090
26.050 111.122
26.063 111.142
26.062 111.155
26.035 111.170
26.037 111.190
25.988 111.178
25.980 111.201
25.942 111.222
25.925 111.217
25.887 111.233
25.873 111.230
25.872 111.235
25.830 111.238
25.803 111.212
25.805 111.208
25.825 111.214
25.863 111.197
25.873 111.200
25.995 111.133
25.997 111.117
25.967 111.088
25.970 111.083
26.000 111.093
 0.000   0.000
26.098 111.310    Isla Coronados
26.105 111.300
26.101 111.279
26.124 111.268
26.134 111.275
26.130 111.293
26.122 111.300
26.110 111.297
26.098 111.310
 0.000   0.000
26.633 111.450     Isla San Ildefonso
26.631 111.447
26.628 111.435
26.620 111.434
26.622 111.446
26.633 111.450
 0.000   0.000
27.261 112.108     Isla San Marcos
27.252 112.120
27.240 112.125
27.216 112.108
27.189 112.100
27.183 112.091
27.189 112.074
27.216 112.066
27.233 112.069
27.261 112.108
 0.000   0.000
27.455 111.910     Isla Tortuga
27.448 111.908
27.441 111.909
27.436 111.900
27.435 111.880
27.436 111.871
27.446 111.870
27.458 111.898
27.455 111.910
 0.000   0.000
27.950 111.368     Isla San Pedro Nolasco
27.972 111.375
27.985 111.392
27.987 111.400
27.977 111.396
27.960 111.390
27.950 111.368
  0.000    0.000  
  7.683   81.800  ISLA JICARITA (PANAMA)
  7.683   81.717
  7.683   81.767
  7.567   81.833
  7.400   81.883
  7.283   81.717
  7.483   81.683
  7.683   81.683
  7.683   81.800
  7.683   81.800
