32.556, -117.129      NORTHERN COASTAL BOUNDARY 
32.507, -117.121
32.451, -117.119        *CALIFORNIA, USA
32.44055, -117.10810   *Baja Calif. Mexico
32.37083, -117.07050
32.30472, -117.02920
32.26000, -116.96890
32.21389, -116.90310
32.13972, -116.87860
32.06361, -116.87360
31.99278, -116.84530
31.96944, -116.76970
31.90555, -116.72530
31.86666, -116.66060
31.82444, -116.59810
31.74667, -116.61940
31.72944, -116.69580
31.67305, -116.64250
31.59694, -116.64220
31.51944, -116.63890
31.46639, -116.58190
31.43889, -116.51000
31.37305, -116.46830
31.31250, -116.42030
31.25278, -116.37140
31.19083, -116.32500
31.11555, -116.30280
31.03833, -116.31390
30.96194, -116.30110
30.93222, -116.23220
30.87556, -116.17940
30.83694, -116.11220
30.78694, -116.05140
30.71167, -116.03750
30.63556, -116.03280
30.55861, -116.03220
30.48306, -116.04110
30.41555, -116.00170
30.47333, -115.95280
30.39778, -115.96030
30.39028, -115.88530
30.33611, -115.83000
30.26555, -115.80250
30.18778, -115.79500
30.10778, -115.78360
30.03278, -115.78860
29.95500, -115.78890
29.91222, -115.72000
29.84194, -115.69190
29.76555, -115.68920
29.71528, -115.62920
29.68111, -115.55940
29.62528, -115.50610
29.59333, -115.43690
29.55222, -115.37390
29.52667, -115.30000
29.48917, -115.23310
29.42722, -115.18690
29.42861, -115.18920
29.42389, -115.16110
29.41389, -115.08000
29.39500, -115.00610
29.36250, -114.93500
29.30416, -114.88530
29.25333, -114.82500
29.21361, -114.75970
29.14639, -114.72060
29.11444, -114.64800
29.04778, -114.60810
28.98361, -114.56330
28.93944, -114.49780
28.89889, -114.43440
28.83472, -114.39440
28.78389, -114.33690
28.72778, -114.28440
28.68555, -114.21750
28.64055, -114.15140
28.57889, -114.10530
28.51694, -114.06030
28.44000, -114.08110
28.37139, -114.11330
28.30333, -114.15080
28.22889, -114.13890
28.15778, -114.11280
28.08222, -114.13030
28.02333, -114.17830
27.97167, -114.23610
27.92056, -114.29530
27.84611, -114.27780
27.79861, -114.21470
27.73111, -114.17610
27.74166, -114.10060
27.76694, -114.02440
27.69917, -113.98690
27.71472, -114.06300
27.70167, -114.13920
27.71028, -114.21720
27.73750, -114.28890
27.79667, -114.33780
27.84278, -114.39890
27.79083, -114.45640
27.76889, -114.53080
27.76833, -114.60750
27.78333, -114.68190
27.81861, -114.75110
27.81917, -114.82860
27.84083, -114.90140
27.82917, -114.97780
27.86222, -115.04800
27.78806, -115.03170
27.71667, -114.99750
27.68806, -114.92810
27.67750, -114.85250
27.62194, -114.79940
27.55722, -114.75670
27.51722, -114.69220
27.49111, -114.61970
27.44305, -114.55810
27.39000, -114.50220
27.31555, -114.48000
27.23778, -114.47580
27.18889, -114.41330
27.16833, -114.33940
27.16055, -114.26110
27.15139, -114.18140
27.11444, -114.11420
27.05805, -114.06250
26.99889, -114.01390
27.00083, -113.93830
26.98667, -113.86050
26.93889, -113.79860
26.88111, -113.74860
26.81528, -113.70810
26.77194, -113.64310
26.74028, -113.57140
26.78833, -113.51170
26.84194, -113.45810
26.80750, -113.39110
26.78028, -113.32000
26.75861, -113.24720
26.83278, -113.22780
26.89361, -113.18190
26.96861, -113.15640
26.89750, -113.12420
26.83472, -113.16920
26.78472, -113.22830
26.70833, -113.22470
26.68583, -113.14830
26.63639, -113.08970
26.59139, -113.02440
26.54861, -112.95810
26.51861, -112.88890
26.46305, -112.83610
26.40861, -112.77750
26.36833, -112.71420
26.33555, -112.64220
26.31861, -112.56500
26.27778, -112.49970
26.28972, -112.42390
26.23722, -112.36780
26.16306, -112.34610
26.09361, -112.30920
26.05611, -112.28280
26.00611, -112.22280
25.93861, -112.18500
25.86472, -112.15530
25.79194, -112.12220
25.71805, -112.10030
25.63750, -112.10920
25.56222, -112.08640
25.63944, -112.09300
25.71417, -112.07530
25.63528, -112.07560
25.55611, -112.07310
25.47805, -112.06110
25.40083, -112.06970
25.32444, -112.06690
25.24972, -112.07440
25.18778, -112.11940
25.11000, -112.12970
25.03361, -112.13280
24.95472, -112.13610
25.02583, -112.10890
24.95639, -112.07860
24.89222, -112.11830
24.81861, -112.10390
24.74861, -112.07420
24.81889, -112.04470
24.76944, -111.98310
24.84528, -111.98810
24.78111, -111.94670
24.72361, -111.89530
24.66861, -111.84300
24.59667, -111.81890
24.52278, -111.79720
24.55389, -111.72750
24.54444, -111.65170
24.47667, -111.61390
24.42833, -111.55310
24.37944, -111.49250
24.31889, -111.44220
24.28528, -111.37170
24.24805, -111.30220
24.21111, -111.23580
24.18361, -111.16110
24.13972, -111.09670
24.10278, -111.02940
24.05111, -110.97250
23.99417, -110.92220
23.94055, -110.86830
23.90278, -110.80220
23.85167, -110.74440
23.79472, -110.69440
23.73917, -110.64170
23.69250, -110.57920
23.66166, -110.50530
23.63778, -110.43080
23.60167, -110.36330
23.55167, -110.30420
23.47917, -110.27360
23.40667, -110.24300
23.35417, -110.18800
23.28139, -110.15780
23.20694, -110.12940
23.13278, -110.11720
23.05416, -110.10220
22.98250, -110.07780
22.91833, -110.03720
22.87000, -109.97610  *Cabo San Lucas
22.88444, -109.90140
22.90972, -109.82640
22.95861, -109.76690
22.99861, -109.70000
23.06194, -109.65220
23.09916, -109.58220
23.12944, -109.51280
23.19055, -109.46580
23.26444, -109.43420
23.34167, -109.42500
23.42028, -109.41280
23.49750, -109.43050
23.56000, -109.47330
23.60583, -109.53690
23.62972, -109.61190
23.65639, -109.68280
23.72917, -109.70330
23.80556, -109.70420
23.85583, -109.76220
23.90722, -109.81890
23.98250, -109.81080
24.04055, -109.86250
24.03444, -109.93750
24.10194, -109.97530
24.17139, -110.01060
24.20694, -110.07890
24.25305, -110.14310
24.31389, -110.18800
24.35278, -110.25360
24.29417, -110.30500
24.22500, -110.27030
24.15833, -110.31000
24.12250, -110.37640
24.19583, -110.35810
24.20889, -110.43500
24.22416, -110.51080
24.27333, -110.56890
24.31111, -110.63670
24.37194, -110.68330
24.44750, -110.69470
24.52083, -110.71640
24.59889, -110.73280
24.67944, -110.72470
24.74694, -110.68330
24.82250, -110.66890
24.89917, -110.68690
24.96361, -110.72750
25.03417, -110.76110
25.06805, -110.83190
25.12694, -110.87970
25.19917, -110.90970
25.26500, -110.94750
25.34028, -110.97170
25.40500, -111.01280
25.48139, -111.01640
25.54611, -111.05580
25.55305, -111.13110
25.60722, -111.18470
25.67889, -111.21720
25.74306, -111.26530
25.81778, -111.29390
25.88500, -111.33190
25.95833, -111.36190
26.03305, -111.34220
26.10778, -111.32110
26.17278, -111.36170
26.24250, -111.39670
26.32111, -111.39140
26.38528, -111.43920
26.45611, -111.47560
26.52861, -111.49670
26.57611, -111.55920
26.65222, -111.56030
26.72722, -111.56440
26.75528, -111.63530
26.80778, -111.69140
26.85639, -111.75330
26.89639, -111.81810
26.83083, -111.85560
26.75833, -111.83170
26.69472, -111.78920
26.65250, -111.72000
26.58028, -111.69940
26.57944, -111.77470
26.64194, -111.81890
26.69555, -111.87360
26.77278, -111.89470
26.85167, -111.90750
26.90278, -111.96530
26.96778, -112.00720
27.04528, -112.01080
27.10194, -111.95530
27.10472, -111.98690
27.12417, -112.05970
27.15750, -112.13060
27.18722, -112.20220
27.26222, -112.22310
27.32222, -112.26830
27.38944, -112.30670
27.46861, -112.31110
27.54000, -112.34440
27.56472, -112.41890
27.60917, -112.48550
27.63055, -112.55810
27.69000, -112.60530
27.72556, -112.67640
27.79667, -112.70220
27.86250, -112.74720
27.93806, -112.73420
28.01361, -112.75780 WESTERN COAST OF GULF OF CALIFORNIA BOUNDARY
28.02028, -111.19440 EASTERN COAST OF GULF OF CALIFORNIA BOUNDARY
27.97444, -111.12890
27.94917, -111.05580
27.94889, -110.97750
27.88194, -110.94060
27.83805, -110.87440
27.91667, -110.86800
27.98278, -110.83190
27.90778, -110.82800
27.91361, -110.74780
27.89528, -110.67220
27.88750, -110.59670
27.83667, -110.54110
27.79694, -110.60970
27.72167, -110.58670
27.66222, -110.63440
27.58917, -110.61390
27.52167, -110.57940
27.44444, -110.55890
27.36750, -110.55390
27.37222, -110.47330
27.29694, -110.50440
27.27305, -110.42810
27.22333, -110.36800
27.16389, -110.32030
27.14667, -110.24580
27.12972, -110.16830
27.10917, -110.09560
27.11666, -110.01890
27.09167, -109.94720
27.02083, -109.91280
26.94333, -109.91140
26.87083, -109.88030
26.79833, -109.84920
26.73639, -109.80670
26.73694, -109.80500
26.72805, -109.79560
26.68444, -109.72810
26.69583, -109.64940
26.69278, -109.57360
26.69028, -109.49530
26.76500, -109.52440
26.72083, -109.46220
26.66417, -109.41190
26.61000, -109.35750
26.55861, -109.29970
26.49361, -109.25690
26.41750, -109.23890
26.34278, -109.22920
26.37139, -109.15640
26.30000, -109.12420
26.22444, -109.12310
26.29250, -109.15780
26.31333, -109.23140
26.23639, -109.24390
26.17472, -109.29140
26.24944, -109.27970
26.18361, -109.31670
26.11666, -109.35470
26.05639, -109.40640
25.98472, -109.43690
25.90917, -109.41640
25.83417, -109.42940
25.75944, -109.40830
25.68472, -109.38860
25.74500, -109.33970
25.68250, -109.29640
25.62889, -109.35000
25.63500, -109.26860
25.61528, -109.19530
25.67805, -109.24030
25.64389, -109.16890
25.57694, -109.13030
25.59305, -109.05360
25.65167, -109.00190
25.67889, -108.92810
25.73917, -108.87920
25.79417, -108.82530
25.73028, -108.86920
25.65778, -108.89750
25.59805, -108.94420
25.53806, -108.98920
25.57750, -109.05690
25.50916, -109.08970
25.46000, -109.02940
25.49778, -108.95860
25.49555, -108.88110
25.55583, -108.82920
25.51528, -108.76440
25.43750, -108.77500
25.39028, -108.71390
25.36222, -108.64220
25.35417, -108.72140
25.34694, -108.64050
25.31889, -108.56940
25.28555, -108.49750
25.25333, -108.42500
25.19500, -108.37610
25.24139, -108.31690
25.16139, -108.32720
25.15833, -108.24920
25.12167, -108.18310
25.11361, -108.10610
25.06972, -108.03890
25.00056, -108.00310
25.01417, -108.08080
25.04917, -108.14940
24.97833, -108.17420
25.04055, -108.21830
25.07833, -108.28690
25.02750, -108.22860
24.95972, -108.19250
24.89250, -108.15530
24.82778, -108.11500
24.83722, -108.03920
24.91472, -108.02670
24.99306, -108.03170
24.92305, -107.99640
24.84472, -108.00000
24.77417, -107.97250
24.76250, -108.04690
24.69722, -108.00750
24.62889, -107.97220
24.58055, -107.91110
24.55083, -107.84110
24.61722, -107.88470
24.58972, -107.81360
24.54055, -107.75330
24.48528, -107.70110
24.45194, -107.62920
24.51861, -107.58940
24.50167, -107.51580
24.43000, -107.48500
24.36139, -107.51750
24.38778, -107.59000
24.42750, -107.65470
24.46611, -107.72030
24.49028, -107.79220
24.44639, -107.72560
24.40722, -107.65940
24.37194, -107.58970
24.33111, -107.52670
24.28083, -107.46830
24.24861, -107.39640
24.18778, -107.34580
24.15000, -107.27970
24.10528, -107.21560
24.05861, -107.15250
24.01111, -107.09030
23.96917, -107.02780
23.91555, -106.97390
23.86500, -106.91580
23.79889, -106.87810
23.73000, -106.84360
23.66194, -106.80830
23.61139, -106.75050
23.56194, -106.69110
23.50583, -106.63470
23.44500, -106.58920
23.40111, -106.52250
23.33417, -106.48470
23.26305, -106.45750
23.19055, -106.42830
23.16389, -106.35580
23.10944, -106.30310
23.06111, -106.24170
23.00916, -106.18610
22.95250, -106.13580
22.89556, -106.08670
22.83472, -106.03580
22.79611, -105.96920
22.74722, -105.90940
22.69055, -105.85970
22.63972, -105.80250
22.57444, -105.76420
22.50028, -105.73550
22.43555, -105.69640
22.36694, -105.65920
22.29222, -105.64140
22.21389, -105.63640
22.13472, -105.64560
22.05611, -105.65550
21.97917, -105.64920
21.91639, -105.59940
21.86028, -105.54920
21.79194, -105.50860
21.72472, -105.47280
21.65500, -105.44060
21.58972, -105.40250
21.55611, -105.33310
21.51917, -105.26640
21.48389, -105.19440
21.41055, -105.21310
21.33667, -105.23670
21.26250, -105.21750
21.18417, -105.22860
21.10806, -105.22580
21.03833, -105.26250
21.00000, -105.33000
20.94444, -105.38190
20.89055, -105.43530
20.81972, -105.46750
20.78000, -105.53470
20.76444, -105.46030
20.76194, -105.38390
20.74833, -105.30690
20.68500, -105.25890
20.60972, -105.23550
20.55805, -105.29080
20.51305, -105.35190
20.49889, -105.42690
20.49389, -105.50330
20.48111, -105.57940
20.44139, -105.64530
20.36722, -105.67220
20.30000, -105.62890
20.23861, -105.58550
20.17083, -105.55110
20.09194, -105.54720
20.02167, -105.51530
20.00000, -105.50210
20.000, -105.317
19.883, -105.283
19.767, -105.283
19.717, -105.233
19.633, -105.083
19.517, -105.000
19.433, -104.883
19.317, -104.800
19.233, -104.717
19.167, -104.600
19.083, -104.483
19.033, -104.283
19.033, -104.167
19.000, -104.083
18.917, -104.000
18.800, -103.883
18.767, -103.717
18.683, -103.633
18.633, -103.567
18.567, -103.517
18.517, -103.567
18.483, -103.517
18.483, -103.483
18.433, -103.400
18.400, -103.400
18.283, -103.367
18.233, -103.283
18.200, -103.167
18.200, -103.083
18.200, -103.000
18.167, -102.917
18.117, -102.800
18.083, -102.800
18.083, -102.717
18.033, -102.683
18.000, -102.567
17.967, -102.400
17.917, -102.233
17.883, -102.083
17.883, -101.917
17.883, -101.883
17.883, -101.800
17.800, -101.683
17.767, -101.517
17.683, -101.483
17.600, -101.433
17.567, -101.433
17.567, -101.367
17.483, -101.317
17.433, -101.200
17.367, -101.083
17.283, -100.917
17.200, -100.917
17.200, -100.883
17.167, -100.800
17.167, -100.717
17.167, -100.683
17.083, -100.600
17.033, -100.517
17.033, -100.433
17.000, -100.317
16.967, -100.167
16.917, -100.000     *ACAPULCO                                         
16.883, -99.833
16.800, -99.717
16.767, -99.633
16.683, -99.517
16.683, -99.400
16.600, -99.233
16.567, -99.083
16.517, -98.967
16.483, -98.800
16.483, -98.717
16.483, -98.633
16.483, -98.600
16.400, -98.517
16.317, -98.433
16.233, -98.317
16.167, -98.200
16.083, -98.033
16.033, -97.967
16.033, -97.917
16.033, -97.833
15.967, -97.767
15.917, -97.633
15.917, -97.567
15.883, -97.433
15.883, -97.367
15.833, -97.233
15.833, -97.033
15.800, -96.917
15.767, -96.833
15.717, -96.767
15.683, -96.633
15.683, -96.567
15.600, -96.433
15.600, -96.317
15.600, -96.167
15.600, -96.033
15.633, -95.917
15.717, -95.833
15.767, -95.717
15.800, -95.633
15.833, -95.483
15.917, -95.367
16.000, -95.233
16.083, -95.117
16.167, -94.967
16.117, -95.000
16.167, -94.967
16.167, -94.883
16.200, -94.717
16.167, -94.567
16.083, -94.367
16.033, -94.167
15.967, -93.967
15.883, -93.717
15.767, -93.483
15.600, -93.317
15.433, -93.200
15.283, -93.033
15.117, -92.833
14.967, -92.683
14.800, -92.517
14.633, -92.283
14.567, -92.200
14.517, -92.200     *END MEXICO                                       
14.567, -92.200     *BEGIN GUATEMALA (PACIFIC COAST)                  
14.483, -92.167
14.483, -92.117
14.433, -92.083
14.400, -92.033
14.400, -92.000
14.317, -91.917
14.283, -91.883
14.233, -91.800
14.200, -91.800
14.117, -91.683
14.083, -91.633
14.083, -91.600
14.033, -91.567
14.033, -91.517
13.967, -91.400
13.917, -91.367
13.917, -91.317
13.917, -91.283
13.883, -91.200
13.883, -91.033
13.883, -91.000
13.883, -90.967
13.883, -90.917
13.883, -90.800
13.883, -90.717
13.883, -90.633
13.833, -90.600
13.833, -90.483
13.833, -90.433
13.800, -90.400
13.800, -90.367
13.800, -90.233
13.800, -90.200
13.800, -90.167
13.767, -90.083
13.717, -90.083
13.717, -90.033
13.683, -90.033     *END GUATEMALA,  BEGIN EL SALVADOR   
13.683, -90.000
13.600, -89.917
13.600, -89.883
13.567, -89.833
13.567, -89.800
13.517, -89.800
13.483, -89.683
13.483, -89.600
13.483, -89.517
13.483, -89.483
13.433, -89.400
13.433, -89.317
13.400, -89.233
13.400, -89.200
13.367, -89.117
13.317, -89.083
13.317, -89.033
13.283, -88.967
13.233, -88.800
13.200, -88.767
13.200, -88.717
13.200, -88.683
13.200, -88.633
13.167, -88.567
13.167, -88.483
13.167, -88.433
13.167, -88.400
13.167, -88.317
13.167, -88.233
13.167, -88.200
13.167, -88.167
13.200, -88.117
13.233, -88.000
13.233, -87.967
13.283, -87.833
13.317, -87.800
13.317, -87.767
13.367, -87.767
13.400, -87.767     *END EL SALVADOR, *BEGIN HONDURAS (PACIFIC COAST)                                                     
13.400, -87.717
13.400, -87.683
13.400, -87.633
13.367, -87.600
13.367, -87.567
13.317, -87.517
13.233, -87.483
13.200, -87.483
13.167, -87.483
13.117, -87.433
13.117, -87.400
13.083, -87.400
13.083, -87.367
13.033, -87.317
13.000, -87.317     *END HONDURAS, BEGIN NICARAGUA (PACIFIC COAST)                                                       
13.000, -87.367
13.000, -87.400
13.000, -87.433
13.000, -87.483
13.000, -87.517
12.967, -87.567
12.917, -87.567
12.883, -87.567
12.833, -87.517
12.800, -87.483
12.683, -87.400
12.683, -87.367
12.633, -87.317
12.600, -87.283
12.567, -87.283
12.483, -87.200
12.433, -87.167
12.400, -87.083
12.367, -87.033
12.317, -87.000
12.283, -87.000
12.283, -86.967
12.233, -86.917
12.200, -86.883
12.117, -86.800
12.083, -86.767
12.033, -86.767
12.000, -86.717
12.000, -86.683
11.833, -86.600
11.800, -86.567
11.767, -86.517
11.767, -86.483
11.717, -86.483
11.633, -86.400
11.600, -86.367
11.600, -86.317
11.567, -86.283
11.517, -86.283
11.483, -86.167
11.433, -86.117
11.400, -86.083
11.400, -86.033
11.367, -86.000
11.283, -85.917
11.233, -85.883
11.233, -85.833
11.200, -85.833
11.117, -85.800
11.083, -85.800
11.033, -85.767     *END NICARAGUA, *BEGIN COSTA RICA (PACIFIC COAST)                                                     
11.033, -85.800
11.000, -85.800
10.967, -85.800
10.917, -85.833
10.883, -85.833
10.833, -85.800
10.800, -85.800
10.800, -85.767
10.717, -85.767
10.683, -85.767
10.567, -85.767
10.517, -85.800
10.483, -85.800
10.433, -85.833
10.400, -85.833
10.283, -85.833
10.200, -85.800
10.167, -85.800
10.083, -85.767
10.083, -85.717
 9.967, -85.633
 9.917, -85.600
 9.883, -85.600
 9.883, -85.567
 9.883, -85.517
 9.883, -85.433
 9.833, -85.400
 9.800, -85.367
 9.800, -85.283
 9.767, -85.233
 9.683, -85.117
 9.633, -85.083
 9.600, -85.083
 9.600, -85.033
 9.683, -85.000
 9.800, -85.000
 9.800, -84.967
 9.833, -84.967
 9.883, -84.967
 9.917, -85.000
 9.917, -85.033
 9.917, -85.083
 9.967, -85.083
 9.967, -85.117
10.000, -85.117
10.000, -85.167
10.033, -85.167
10.033, -85.117
10.083, -85.117
10.083, -85.033
10.083, -85.000
10.083, -84.967
10.083, -84.917
 9.967, -84.800
 9.917, -84.800
 9.883, -84.767
 9.833, -84.717
 9.767, -84.683
 9.717, -84.683
 9.683, -84.633
 9.633, -84.600
 9.600, -84.567
 9.483, -84.483
 9.483, -84.433
 9.483, -84.367
 9.433, -84.317
 9.400, -84.283
 9.317, -84.083
 9.317, -84.033
 9.283, -84.000
 9.283, -83.917
 9.200, -83.800
 9.167, -83.800
 9.083, -83.717
 9.083, -83.683
 9.000, -83.683
 8.917, -83.683
 8.883, -83.683
 8.800, -83.683
 8.717, -83.683
 8.600, -83.633
 8.567, -83.633
 8.517, -83.600
 8.483, -83.567
 8.483, -83.483
 8.400, -83.317
 8.433, -83.283
 8.483, -83.283
 8.600, -83.367
 8.633, -83.367
 8.633, -83.400
 8.683, -83.367
 8.683, -83.317
 8.683, -83.283
 8.633, -83.233
 8.633, -83.200
 8.600, -83.200 
 8.517, -83.117
 8.483, -83.083
 8.433, -83.083
 8.400, -83.083 
 8.367, -83.083
 8.317, -83.033
 8.317, -83.000     *END COSTA RICA, *BEGIN PANAMA (PACIFIC COAST)                                                        
 8.283, -83.000
 8.283, -82.967
 8.167, -82.917
 8.117, -82.883
 8.083, -82.883
 8.117, -82.883
 8.233, -82.800
 8.283, -82.800 
 8.283, -82.767 
 8.283, -82.717
 8.283, -82.633
 8.283, -82.600
 8.283, -82.567
 8.283, -82.517
 8.283, -82.483
 8.283, -82.400
 8.283, -82.367
 8.233, -82.317
 8.233, -82.283
 8.233, -82.233
 8.200, -82.117
 8.200, -82.033 
 8.167, -81.967
 8.117, -81.883
 8.117, -81.800
 8.117, -81.767
 8.083, -81.717
 8.000, -81.633
 8.000, -81.600
 7.967, -81.600
 7.917, -81.600
 7.883, -81.567
 7.717, -81.483
 7.683, -81.433
 7.683, -81.400
 7.633, -81.400
 7.600, -81.367
 7.567, -81.317
 7.567, -81.283
 7.567, -81.233
 7.567, -81.200 
 7.633, -81.167 
 7.683, -81.117 
 7.683, -81.083
 7.717, -81.033
 7.717, -81.000
 7.633, -80.967
 7.567, -80.967
 7.483, -80.967
 7.400, -80.917
 7.367, -80.917
 7.200, -80.883
 7.167, -80.833
 7.167, -80.800
 7.167, -80.767
 7.167, -80.600
 7.167, -80.567
 7.167, -80.517
 7.200, -80.483
 7.283, -80.400
 7.317, -80.283
 7.367, -80.200
 7.400, -80.167
 7.433, -80.117
 7.483, -80.083
 7.517, -80.117
 7.600, -80.117
 7.633, -80.200
 7.683, -80.200
 7.683, -80.283
 7.767, -80.283
 7.800, -80.317
 7.883, -80.483
 7.967, -80.483
 8.000, -80.483
 8.117, -80.433
 8.167, -80.400
 8.200, -80.400
 8.200, -80.317
 8.233, -80.283
 8.283, -80.167
 8.283, -80.083
 8.367, -80.000
 8.367, -79.967
 8.400, -79.917
 8.483, -79.833
 8.517, -79.800
 8.567, -79.767
 8.600, -79.767
 8.683, -79.683
 8.800, -79.600
 8.883, -79.567
 8.883, -79.517
 8.883, -79.483
 8.917, -79.433
 8.920, -79.562  BEGIN PANAMA CANAL (PAC)
 8.920, -79.545  END PANAMA CANAL (PAC)
 8.967, -79.367
 8.967, -79.317
 8.967, -79.283
 8.967, -79.233
 8.967, -79.200
 8.833, -79.033
 8.800, -79.000
 8.800, -78.917
 8.767, -78.883
 8.767, -78.833
 8.683, -78.717
 8.683, -78.683
 8.633, -78.633
 8.600, -78.600
 8.600, -78.567
 8.483, -78.483
 8.433, -78.433
 8.400, -78.400
 8.433, -78.367
 8.483, -78.233
 8.483, -78.200
 8.483, -78.167
 8.483, -78.117
 8.367, -78.033
 8.367, -78.000
 8.317, -78.000
 8.283, -78.033
 8.283, -78.083
 8.200, -78.233
 8.167, -78.283
 8.083, -78.283
 7.967, -78.317
 7.883, -78.317
 7.683, -78.283
 7.600, -78.233
 7.600, -78.200
 7.517, -78.200
 7.433, -78.083
 7.400, -78.033
 7.367, -78.033
 7.367, -78.000
 7.317, -77.967
 7.283, -77.917
 7.283, -77.917
 7.283, -77.917
 7.283, -77.883     *END PANAMA                                       
 7.283, -77.883     *BEGIN COLOMBIA (PACIFIC COAST)                   
7.283, -77.883
7.200, -77.833
7.200, -77.833
7.200, -77.833
7.083, -77.800
7.000, -77.800
6.917, -77.800
6.883, -77.767
6.883, -77.767
6.800, -77.683
6.767, -77.683
6.717, -77.633
6.717, -77.633
6.683, -77.600 
6.600, -77.483
6.600, -77.433
6.517, -77.433
6.483, -77.400
6.400, -77.400
6.233, -77.400
6.200, -77.400
6.117, -77.400
6.083, -77.400
6.000, -77.400
5.833, -77.367
5.800, -77.367
5.717, -77.367
5.683, -77.367
5.633, -77.367
5.517, -77.433
5.517, -77.433
5.483, -77.433
5.433, -77.483
5.400, -77.483
5.200, -77.433
5.167, -77.433 
5.083, -77.433
5.000, -77.433 SOUTHERN COASTAL BOUNDARY
5       	-77.6342759 SOUTHERN BOUNDARY FOR COASTAL STRATUM	
5.0945126, -77.6338727						
5.12696,  -77.6331187						
5.2304505,	-77.6296629						
5.2433925,	-77.6291346						
5.5752831,	-77.6101784						
5.6002255,	-77.6083957						
5.6084623,	-77.6070112						
5.6275147,	-77.6024807						
5.6416397,	-77.5961975						
5.6504213,	-77.5921649						
5.6623103,	-77.5833435						
5.6748147,	-77.5734424						
5.7035309,	-77.5500031						
5.7196943,	-77.5382385						
5.741158,	-77.5234186						
5.7681461,	-77.5104582						
5.7743278,	-77.5078532						
5.8075027,	-77.4959158						
5.8376255,	-77.4863955						
5.8483807,	-77.4833374						
5.8684406,	-77.4779175						
5.8738317,	-77.4770503						
5.9069934,	-77.473988						
5.9401517,	-77.4776367						
5.94473	  ,      -77.4787339						
5.9733095,	-77.4866189						
6.0464493,	-77.5086648						
6.0420294,	-77.5116348						
6.0204749,	-77.544075						
6.0129061,	-77.5823364						
6.0204749,	-77.6205978						
6.0420294,	-77.653038						
6.0742865,	-77.6747131						
6.1123333,	-77.6823196						
6.1233625,	-77.6817093						
6.3226042,	-77.6593323						
6.3237338,	-77.6610336						
6.359622,	-77.6841431						
6.6992946,	-77.8102112						
6.7090349,	-77.8249435						
6.7900467,	-77.9071121						
6.8225093,	-77.9290466						
6.8604999,	-77.9366531						
6.8797307,	-77.9328003						
6.9781685,	-78.0186234						
6.9752641,	-78.0333328						
6.9828186,	-78.0715942						
7.0043316,	-78.1040344						
7.0117226,	-78.1107712						
7.1232381,	-78.2025604						
7.1305146,	-78.2394257						
7.1520672,	-78.2719116						
7.1525674,	-78.2724152						
7.1536512,	-78.2731476						
7.1548252,	-78.2749557						
7.1877046,	-78.3095932						
7.1838093,	-78.3293304						
7.1913605,	-78.3675919						
7.2150278,	-78.4021454						
7.2246962,	-78.4113159						
7.2547116,	-78.4308777						
7.2926669,	-78.4384842						
7.3306189,	-78.4308777						
7.3330194,	-78.4292603						
7.3444929,	-78.4499969						
7.3521094,	-78.4619787						
7.3639913,	-78.4778817						
7.3701903,	-78.4833374						
7.3850584,	-78.4954275						
7.3970528,	-78.5017726						
7.4074146,	-78.5062174						
7.4549044,	-78.5166626						
7.4617102,	-78.5181335						
7.4631686,	-78.518538						
7.4855504,	-78.5274272						
7.5053792,	-78.5407679						
7.5115798,	-78.5500031						
7.5731695,	-78.7390654						
7.5841967,	-78.8166733						
7.5416076,	-78.9499969						
7.5225525,	-79.1500015						
7.5211648,	-79.1652434						
7.5185509,	-79.1784973						
7.5195136,	-79.183379						
7.5134481,	-79.25						
7.5089395,	-79.3127465						
7.5399289,	-79.3336334						
7.5614152,	-79.3660736						
7.5689602,	-79.404335						
7.5614152,	-79.4425964						
7.5399289,	-79.4750366						
7.5077701,	-79.4967117						
7.4698334,	-79.5043182						
7.4615207,	-79.5039673						
7.4512696,	-79.5030975						
7.4352765,	-79.5138779						
7.4132849,	-79.5185426						
7.3821153,	-79.5650665						
7.3486408,	-79.5833435						
7.308086,	-79.5833435						
7.2978611,	-79.5819318						
7.2966117,	-79.5820839						
7.2701066,	-79.6113129						
7.2664927,	-79.6166687						
7.2793223,	-79.6833267						
7.2703035,	-79.8500137						
7.2587712,	-80.0103784						
7.2478333,	-80.0081863						
7.2098742,	-80.0157928						
7.1776915,	-80.037468						
7.1561866,	-80.0699081						
7.1509295,	-80.0867844						
7.1159225,	-80.2479477						
7.1148829,	-80.257637						
7.1130733,	-80.2636261						
7.112793,	-80.2650299						
7.0985079,	-80.2865753						
7.0925446,	-80.3070145						
7.0768747,	-80.3941803						
7.0752854,	-80.4120026						
7.0765247,	-80.4182816						
7.0655017,	-80.434906						
7.0592685,	-80.4569092						
7.0477662,	-80.5272446						
7.0464458,	-80.5435028						
7.0471473,	-80.5470581						
7.0408463,	-80.5711823						
7.0315113,	-80.6480103						
7.030776,	-80.6601639						
7.0317702,	-80.6651993						
7.0271688,	-80.6682968						
7.0056567,	-80.700737						
6.9989886,	-80.7256699						
6.9734826,	-80.9166718						
6.9725966,	-80.9300003						
6.9801512,	-80.9682617						
6.9906726,	-80.9841309						
6.9958215,	-81.0154266						
6.9974952,	-81.017952						
6.9976549,	-81.0187607						
7.0025401,	-81.0255585						
7.017334,	-81.0478668						
7.019733,	-81.0494843						
7.0246491,	-81.0563202						
7.0761843,	-81.1009598						
7.1000233,	-81.1344299						
7.1345273,	-81.16484						
7.133122,	-81.1833267						
7.1336704,	-81.3511989						
7.132494,	-81.375765						
7.1310922,	-81.3833389						
7.0994129,	-81.4330819						
7.0596232,	-81.4499969						
6.9752015,	-81.4248642						
6.9632865,	-81.3871466						
6.9339743,	-81.3817925						
6.9108806,	-81.3934174						
6.9080513,	-81.4427691						
6.9339743,	-81.4451245						
6.9624901,	-81.4499969						
6.9490332,	-81.5166626						
6.9391142,	-81.6781507						
6.9385199,	-81.7166672						
6.9660106,	-81.7844043						
6.9670668,	-81.7861182						
6.9810259,	-81.7968985						
7.1234556,	-82.0768465						
7.1278477,	-82.0990982						
7.149354,	-82.1315384						
7.1621532,	-82.1424255						
7.264833,	-82.2157516						
7.284214,	-82.2265396						
7.3221669,	-82.2341461						
7.327776,	-82.2330246						
7.3503504,	-82.2477798						
7.3540525,	-82.2533646						
7.3697009,	-82.2662125						
7.3835363,	-82.275383						
7.3976235,	-82.2829056						
7.3994036,	-82.2919312						
7.4181066,	-82.3214417						
7.4641142,	-82.3717728						
7.4990659,	-82.3963776						
7.5370002,	-82.4039841						
7.5632832,	-82.3987134						
7.6257203,	-82.4193939						
7.6535724,	-82.4386331						
7.7446489,	-82.6532822						
7.7402697,	-82.675499						
7.7438278,	-82.7020569						
7.744328,	-82.7038879						
7.746542,	-82.7103958						
7.751832,	-82.7413406						
7.800343,	-82.8790054						
7.8236294,	-82.9161987						
7.8557644,	-82.9378738						
7.8923201,	-82.9452101						
7.8921316,	-82.9457126						
8.006281,	-83.3452356						
8.0059996,	-83.3466644						
8.0145006,	-83.3871994						
8.1068544,	-83.5975342						
8.1273479,	-83.6277008						
8.1594591,	-83.6493759						
8.160634,	-83.6496124						
8.2497692,	-83.8178558						
8.2528191,	-83.8220062						
8.2557859,	-83.828064						
8.2794571,	-83.8692322						
8.2861795,	-83.8780594						
8.2970943,	-83.8963852						
8.3346024,	-83.9422226						
8.3408861,	-83.9492035						
8.3729801,	-83.9708786						
8.384738,	-83.9732437						
8.4356098,	-84.0559616						
8.4358015,	-84.0569305						
8.4427567,	-84.0707626						
8.4986029,	-84.1632614						
8.5130844,	-84.1818695						
8.5159531,	-84.1838074						
8.5184183,	-84.1875381						
8.5504971,	-84.2092133						
8.5883331,	-84.2168198						
8.6086893,	-84.2146835						
8.6243563,	-84.2113495						
8.6418304,	-84.2058792						
8.6561223,	-84.1962187						
8.8162251,	-84.2877018						
8.8491678,	-84.2917765						
8.8587458,	-84.2833405						
8.8725315,	-84.2736485						
8.8821068,	-84.2717639						
8.8938693,	-84.2714331						
8.9150419,      -84.2772786						
8.9196805,	-84.2786446						
9.1163554,	-84.3833389						
9.1343446,	-84.4053624						
9.1411391,	-84.4166718						
9.1413694,	-84.4201288						
9.1173887	-84.4249573						
9.0853596	-84.4466324						
9.0639563	-84.4790726						
9.0571127	-84.5056839						
9.0485954	-84.579216						
9.0233469	-84.5962982						
9.0019398	-84.6287384						
8.9947643	-84.6586914						
8.9912634	-84.7011948						
8.990922	-84.7095032						
8.9965456	-84.7381278						
9.0393792	-85.005328						
9.0381012	-85.0118332						
9.0456181	-85.0500946						
9.0640926	-85.0794373						
9.1347742	-85.1574402						
9.1493979	-85.1678009						
9.1617975	-85.1873322						
9.1848021	-85.2123337						
9.2192326	-85.2365417						
9.2196321	-85.236618						
9.2850584	-85.3082217						
9.2889088	-85.3166733						
9.2981536	-85.32873						
9.3061374	-85.3306283						
9.3116789	-85.3345337						
9.3118534	-85.3354263						
9.3226051	-85.3551178						
9.3587332	-85.4065933						
9.3440285	-85.4289017						
9.3365183	-85.4671631						
9.3388844	-85.4889297						
9.3443871	-85.5139313						
9.3495302	-85.530426						
9.3709164	-85.5628662						
9.4029198	-85.5845413						
9.4406672	-85.5921478						
9.4784098	-85.5845413						
9.4899416	-85.5767288						
9.5914898	-85.6426926						
9.6069422	-85.6508789						
9.6081991	-85.6511307						
9.6304111	-85.6661911						
9.6419115	-85.6710281						
9.6796665	-85.6786499						
9.6952894	-85.6754991						
9.7046051	-85.7155426						
9.7690365	-85.75						
9.7908561	-85.7708378						
9.8031778	-85.783177						
10.0002251	-85.9891918						
10.0658789	-86.0237926						
10.1774404	-86.103361						
10.367985	-86.2833405						
10.5000352	-86.408823						
10.6234102	-86.5312394						
10.6433955	-86.5522627						
10.7871962	-86.7035331						
10.8474293	-86.7403621						
10.8770843	-86.7584944						
10.8993743	-86.7691345						
10.9181623	-86.7801434						
10.9235548	-86.7833405						
10.9389814	-86.795477						
10.9562701	-86.811206						
11.121509	-86.9762014						
11.1472187	-87.0040343						
11.2943687	-87.1666641						
11.3677338	-87.2833405						
11.3838524	-87.3166733						
11.4087687	-87.3541304						
11.4414454	-87.3671267						
11.4572408	-87.3662128						
11.4586782	-87.3684082						
11.460721	-87.3768387						
11.4653149	-87.391098						
11.4865561	-87.4235382						
11.4996405	-87.432457						
11.5097294	-87.4478683						
11.5267925	-87.4595032						
11.5291204	-87.4630585						
11.5307636	-87.4776688						
11.5544395	-87.5814972						
11.5593462	-87.5970917						
11.5805807	-87.6295319						
11.6123562	-87.651207						
11.6128521	-87.6513062						
11.6241913	-87.6590424						
11.6335602	-87.6624451						
11.6498947	-87.6674423						
11.6780005	-87.6716461						
11.6981316	-87.6675568						
11.6957731	-87.6796646						
11.7032261	-87.717926						
11.7244492	-87.7503662						
11.7562084	-87.7720413						
11.7656231	-87.7754593						
11.7826738	-87.7806702						
11.794467	-87.7986984						
11.8329659	-87.822937						
11.8719711	-87.8361053						
11.902667	-87.8411484						
11.9386101	-87.833847						
11.9557362	-87.8455429						
11.9648485	-87.8488693						
12.0085201	-87.8623734						
12.0088291	-87.8624191						
12.0107355	-87.8630981						
12.01521	-87.8643825						
12.0187722	-87.8833389						
12.0246079	-87.9211422						
12.0941906	-88.0622547						
12.1468603	-88.1628019						
12.1533752	-88.1833267						
12.159379	-88.1990604						
12.1652472	-88.2106633						
12.1683884	-88.2166672						
12.1919661	-88.2494667						
12.2245483	-88.2792126						
12.2309176	-88.2833405						
12.2571297	-88.2922126						
12.2650159	-88.2914097						
12.2813359	-88.2833405						
12.2897062	-88.2761264						
12.2951841	-88.2777332						
12.3222771	-88.2907477						
12.3360938	-88.3025321						
12.3450747	-88.3166733						
12.354845	-88.3326767						
12.3600714	-88.3446628						
12.3805665	-88.4570028						
12.3842016	-88.4833374						
12.4035252	-88.8331768						
12.4046723	-88.8500137						
12.4107086	-88.9071932						
12.4128632	-88.9166718						
12.4610531	-89.0500031						
12.485074	-89.1098398						
12.4881856	-89.1166687						
12.5001071	-89.1346055						
12.5425377	-89.1911401						
12.5501642	-89.1981549						
12.5939718	-89.2166672						
12.6341891	-89.2639209						
12.7681579	-89.5166702						
12.7711551	-89.5235388						
12.7735485	-89.5500031						
12.7860191	-89.6500015						
12.8074022	-89.75						
12.8103657	-89.7594465						
12.8394044	-89.8500137						
12.8428717	-89.8596732						
12.861177	-89.8833389						
12.8753729	-89.8925845						
12.8922893	-89.9006903						
12.9262584	-90.0833435						
12.8979405	-90.2500076						
12.8979405	-90.2601927						
12.8999921	-90.2833405						
12.9078703	-90.2915878						
12.9256373	-90.2984463						
12.940362	-90.3015083						
12.954204	-90.2975421						
12.9728508	-90.2941287						
12.9968103	-90.3166733						
13.0000875	-90.3220598						
13.0053358	-90.330892						
13.0160261	-90.3500137						
13.0702934	-90.4492396						
13.070613	-90.4503251						
13.0756333	-90.4833374						
13.0741279	-90.5166702						
13.0955789	-90.5833435						
13.1027641	-90.6033692						
13.1260977	-90.6500015						
13.135232	-90.6617209						
13.167695	-90.6871653						
13.1953322	-90.6882856						
13.200161	-90.6864114						
13.2066521	-90.6833267						
13.245269	-90.6629959						
13.2532926	-90.6500015						
13.2650652	-90.6433237						
13.2754166	-90.6393672						
13.2975111	-90.6364967						
13.3361857	-90.643597						
13.3529732	-90.6500015						
13.3623905	-90.6542558						
13.3800419	-90.6651896						
13.4047099	-90.6833267						
13.3786068	-90.7166672						
13.3513501	-90.75						
13.3299532	-90.7711028						
13.3156471	-90.7833405						
13.2975111	-90.7906919						
13.2755624	-90.7833405						
13.2488928	-90.8000603						
13.200161	-90.8353952						
13.1892497	-90.8500137						
13.1823661	-90.9166718						
13.1883311	-91.0166626						
13.1916234	-91.0254302						
13.2907667	-91.2764117						
13.3948231	-91.4807245						
13.3982295	-91.4833374						
13.4520304	-91.5578638						
13.5893278	-91.7640723						
13.5936318	-91.7789116						
13.6039038	-91.8166733						
13.6052148	-91.8336662						
13.6104107	-91.8500137						
13.6217289	-91.8750076						
13.6541262	-91.9449982						
13.7037117	-92.0500031						
13.7512932	-92.1413424						
13.7702083	-92.1638635						
13.7831523	-92.1833267						
13.821536	-92.2443627						
13.82476	-92.2500076						
13.8378559	-92.2833405						
13.8400722	-92.2919425						
13.842027	-92.3166733						
13.8424881	-92.343898						
13.8478617	-92.3833389						
13.8484259	-92.3857413						
13.8575595	-92.4166718						
13.8643583	-92.4335927						
13.8880128	-92.4833374						
13.8964156	-92.5005785						
13.9057497	-92.5166702						
13.969535	-92.6166687						
13.9778633	-92.6292289						
14.0102119	-92.6744747						
14.0199434	-92.6833267						
14.0425549	-92.694631						
14.0520879	-92.6931547						
14.0649659	-92.6833267						
14.0748949	-92.677581						
14.0785574	-92.679552						
14.0847358	-92.6833267						
14.1072292	-92.6993944						
14.1282918	-92.7166672						
14.1395578	-92.7259061						
14.3011389	-92.8643492						
14.3201873	-92.8833389						
14.3235642	-92.9166718						
14.3162671	-92.9322764						
14.3011389	-92.9563813						
14.2845485	-92.9833374						
14.2802339	-92.9950992						
14.2487458	-93.1166687						
14.2451806	-93.1500015						
14.2478725	-93.1617104						
14.2555753	-93.1833267						
14.2720892	-93.2166672						
14.2908592	-93.25						
14.5354973	-93.6833267						
14.6562061	-93.8217522						
14.7190708	-93.8833389						
14.7625843	-93.9833374						
14.7685662	-94.0166702						
14.7851887	-94.0468958						
14.7871693	-94.0500031						
14.8574006	-94.141977						
15.0524569	-94.4499969						
15.0564833	-94.4640562						
15.0641022	-94.4833374						
15.0823679	-94.524197						
15.0952915	-94.5500031						
15.1072865	-94.57223						
15.114438	-94.5833435						
15.2973678	-94.8197295						
15.3003168	-94.8221882						
15.3533879	-94.8616536						
15.3895782	-94.8833389						
15.4441974	-94.9166718						
15.4532776	-94.9247107						
15.4610291	-94.9327497						
15.4663112	-94.9445201						
15.468584	-94.9499969						
15.5895224	-95.3033161						
15.5827843	-95.3166733						
15.5784869	-95.3281308						
15.5895224	-95.6543215						
15.627942	-95.843458						
15.6397278	-96.0312071						
15.6027947	-96.2304492						
15.5738711	-96.3833389						
15.5744153	-96.3909728						
15.4087582	-96.8277051						
15.3944578	-96.8499069						
15.3884443	-96.8812599						
15.387931	-96.8839363						
15.3871193	-96.8881683						
15.3887053	-96.9062271						
15.4023523	-96.9833069						
15.402895	-96.9883118						
15.4085646	-97.0111389						
15.4084625	-97.0116653						
15.4111948	-97.0353012						
15.4136963	-97.0459671						
15.413887	-97.0465698						
15.41395	-97.0471268						
15.4149513	-97.0514603						
15.4172287	-97.0587387						
15.4189463	-97.0677948						
15.4244709	-97.0867615						
15.445364	-97.1192017						
15.4553156	-97.1260986						
15.4567919	-97.134758						
15.4570169	-97.1355515						
15.4572153	-97.1379623						
15.462718	-97.1711273						
15.4686565	-97.1924286						
15.4895449	-97.2248688						
15.5208025	-97.2465439						
15.5237074	-97.247139						
15.5241156	-97.2490616						
15.5291824	-97.2657623						
15.550065	-97.2982025						
15.5549965	-97.3016205						
15.5552778	-97.3043137						
15.5844078	-97.4418259						
15.5805435	-97.461998						
15.583518	-97.4866562						
15.5896873	-97.5118256						
15.5940437	-97.5254288						
15.6066475	-97.5450134						
15.6035538	-97.5611649						
15.6063585	-97.5851212						
15.6485453	-97.7626266						
15.6530695	-97.7769318						
15.6739388	-97.8093719						
15.7051678	-97.8310471						
15.7079725	-97.8316269						
15.7110453	-97.8337555						
15.7201214	-97.8478699						
15.7493839	-97.868187						
15.7843704	-97.9050369						
15.787796	-97.9229279						
15.8059578	-97.9524536						
15.807291	-97.9539566						
15.8411932	-97.9785461						
15.8477678	-97.9799042						
15.8487158	-97.9815445						
15.8528843	-97.9867859						
15.8521729	-97.9905014						
15.8579884	-98.0247421						
15.8772951	-98.0799186						
15.8941249	-98.1500015						
15.9064748	-98.1833267						
15.9087106	-98.1850651						
15.914606	-98.1877196						
15.9681439	-98.2793398						
15.9686222	-98.280838						
15.9919566	-98.3200908						
16.0083433	-98.3481336						
16.0071258	-98.4166718						
16.0059462	-98.5166626						
16.0065365	-98.531249						
16.0083616	-98.5481039						
16.0734578	-98.7196266						
16.1026459	-98.780959						
16.1040505	-98.7833405						
16.230732	-98.8661556						
16.3377794	-98.9718362						
16.4084363	-99.1315333						
16.4190479	-99.1668489						
16.3976307	-99.1712875						
16.3665085	-99.1929626						
16.3457127	-99.2254028						
16.3384094	-99.2636642						
16.3457127	-99.3019257						
16.3498344	-99.3109894						
16.3638401	-99.3381577						
16.3805141	-99.3615341						
16.3926144	-99.3699646						
16.4351063	-99.4592667						
16.4365044	-99.4612961						
16.4367523	-99.4625931						
16.4398422	-99.4694977						
16.4440899	-99.4917603						
16.4481754	-99.5007553						
16.4725189	-99.5480881						
16.4822311	-99.5617218						
16.4864159	-99.5864944						
16.4902515	-99.597496						
16.4919224	-99.600235						
16.4925079	-99.6033325						
16.5210571	-99.6758041						
16.5226637	-99.6830824						
16.5186024	-99.6980605						
16.5806235	-99.8938897						
16.3915024	-100.1881637						
16.3825607	-100.205574						
16.3819141	-100.2089614						
16.3742237	-100.2234039						
16.3669224	-100.2616653						
16.3742237	-100.2999267						
16.3950195	-100.3323669						
16.426136	-100.354042						
16.44627	-100.3582153						
16.4389591	-100.3964996						
16.4462585	-100.434761						
16.469244	-100.4694213						
16.6247044	-100.6215515						
16.6476326	-100.655899						
16.7703381	-100.7743988						
16.7958924	-100.7914911						
17.2862917	-101.9929698						
17.3578571	-102.1644285						
17.3962746	-102.2908325						
17.3990402	-102.2987594						
17.4197216	-102.3311996						
17.4284897	-102.3373413						
17.4297276	-102.3418197						
17.4332218	-102.3522644						
17.4348278	-102.3547821						
17.4353886	-102.3585968						
17.4452267	-102.3912658						
17.447567	-102.3980026						
17.4480305	-102.4011688						
17.4851589	-102.5249176						
17.4859619	-102.5312652						
17.4901333	-102.5474319						
17.4940853	-102.5595932						
17.5147552	-102.5920333						
17.5452569	-102.6134073						
17.5456867	-102.6137084						
17.5468674	-102.6139526						
17.5605907	-102.635498						
17.5693054	-102.6555175						
17.5886173	-102.6847						
17.5897255	-102.6854782						
17.5928001	-102.6945953						
17.6099434	-102.7215118						
17.6100025	-102.7219085						
17.6246777	-102.7695693						
17.6273174	-102.7770919						
17.6345387	-102.7884368						
17.6337376	-102.7926635						
17.637022	-102.818695						
17.6467579	-102.8565867						
17.6526966	-102.8796997						
17.6566639	-102.8919296						
17.6570168	-102.8924865						
17.6571655	-102.8932647						
17.668148	-102.9138336						
17.6744414	-102.9229117						
17.7106667	-102.9751663						
17.7203331	-102.9870376						
17.7215157	-102.9878692						
17.7266254	-102.9952392						
17.7271996	-102.9982604						
17.7376175	-103.018013						
17.8141232	-103.1307983						
17.8146896	-103.1357727						
17.8284817	-103.1953964						
17.8327045	-103.2156906						
17.8377533	-103.2325973						
17.8445396	-103.2432708						
17.8449745	-103.2472534						
17.8771572	-103.3930816						
17.8776379	-103.3946533						
17.8776836	-103.3951034						
17.8838539	-103.4239349						
17.8846089	-103.4264378						
17.8887787	-103.4402618						
17.9094048	-103.472702						
17.9131185	-103.4753102						
18.4962449	-104.4199751						
18.4992542	-104.4359283						
18.5183926	-104.4668426						
18.557713	-104.5101402						
18.6784706	-104.6431121						
18.6808662	-104.6469573						
18.7110443	-104.6797943						
18.7178192	-104.6846542						
18.7240391	-104.6945114						
18.7883987	-104.7628479						
18.7923336	-104.7656326						
18.7945175	-104.7691116						
18.887888	-104.8689498						
18.890337	-104.8706893						
18.8987331	-104.8838424						
18.9419174	-104.9286727						
18.9719868	-104.949707						
19.0081673	-104.9573135						
19.0255983	-104.9536481						
19.1365714	-105.1000617						
19.1523781	-105.1179911						
19.2468395	-105.1695621						
19.2564552	-105.1731228						
19.2783089	-105.173559						
19.3543625	-105.1832962						
19.4013717	-105.2166976						
19.4670549	-105.2832592						
19.4920713	-105.3234527						
19.5532427	-105.4499969						
19.5612793	-105.4699783						
19.5663601	-105.4832992						
19.568477	-105.4909537						
19.5707611	-105.5167007						
19.5515773	-105.5602852						
19.7238805	-105.6892607						
19.7496567	-105.707552						
19.757674	-105.7081617						
19.7810287	-105.6948317						
19.8123951	-105.6991888						
19.8265501	-105.7016206						
19.8744871	-105.7173578						
19.9663582	-105.7529616						
20.1257267	-105.810377						
20.1883163	-105.8183157						
20.3421058	-105.8121159						
20.3540611	-105.8311996						
20.3608837	-105.8377914						
20.4939346	-105.9542922						
20.5175018	-105.9693756						
20.5533333	-105.9769821						
20.5728255	-105.9728433						
21.2638967	-107.1845526						
21.5232003	-107.6392101						
22.611232	-109.5469417						
22.6103954	-109.5514984						
22.614399	-109.5806274						
22.624239	-109.6156311						
22.6272602	-109.6247634						
22.6334496	-109.6348037						
22.6650448	-109.7410125						
22.6676197	-109.7485961						
22.6876183	-109.7810363						
22.7059536	-109.7943191						
22.7706528	-110.0360336						
22.7740173	-110.0464248						
22.7741413	-110.0466308						
22.7746868	-110.049591						
22.7973862	-110.0848617						
22.797554	-110.0850296						
22.7981377	-110.0854339						
22.8060608	-110.0988082						
22.8460581	-110.1454272						
22.846861	-110.2257033						
22.8063984	-110.2304415						
22.7848647	-110.25						
22.7803057	-110.3167037						
22.7843446	-110.3833007						
22.7937164	-110.3917033						
22.8244457	-110.4134618						
22.8539501	-110.4153768						
22.8551693	-110.4142219						
22.8670861	-110.3962594						
22.8991471	-110.3643743						
22.9166069	-110.3558488						
22.9443478	-110.348786						
22.9294376	-110.4073562						
22.9261093	-110.4339981						
22.9331188	-110.4722595						
22.9379158	-110.4800567						
22.9269619	-110.5240859						
22.9237747	-110.5501632						
22.9307842	-110.5884246						
22.9325256	-110.5912551						
22.9326172	-110.5917587						
22.9525776	-110.6241989						
22.9824448	-110.645874						
23.0176659	-110.6534805						
23.0316257	-110.6523284						
23.1452574	-110.6333677						
23.1347895	-110.7166976						
23.1092609	-110.7592862						
23.0700455	-110.8267821						
23.0700455	-110.8595451						
23.136083	-110.8884357						
23.1807718	-110.9037249						
23.1878978	-110.8833007						
23.1926842	-110.878668						
23.2101553	-110.8833007						
23.2178092	-110.8893107						
23.3269475	-111.0167007						
23.320942	-111.0832977						
23.2845783	-111.278271						
23.2510822	-111.3499984						
23.2580764	-111.3833007						
23.269599	-111.3996384						
23.2845783	-111.4167022						
23.3029484	-111.4499969						
23.3070821	-111.4588215						
23.3561206	-111.6500015						
23.3600148	-111.6654597						
23.343525	-111.6808151						
23.3896846	-111.6977885						
23.4286076	-111.7166976						
23.4375954	-111.7227047						
23.451765	-111.7345701						
23.5984288	-111.907978						
23.685542	-112.0167007						
23.7431126	-112.0821086						
23.90906	-112.2369873						
23.9181137	-112.291275						
23.9235878	-112.3115921						
23.9433975	-112.3440322						
23.9730415	-112.3657073						
24.0079994	-112.3733139						
24.0429478	-112.3657073						
24.043517	-112.3652908						
24.0783653	-112.3987724						
24.1735218	-112.5167007						
24.3314901	-112.627507						
24.3520069	-112.6001742						
24.3737623	-112.5832977						
24.3789189	-112.5795097						
24.3823738	-112.5797636						
24.3975534	-112.5832977						
24.4127331	-112.5915396						
24.503767	-112.6752247						
24.6198483	-112.7775933						
24.6788938	-112.824131						
24.6856518	-112.8288236						
24.7834644	-112.8423227						
24.9579735	-112.8641635						
24.9881916	-112.8654495						
25.005312	-112.8644294						
25.0788193	-112.8744921						
25.0955313	-112.8833007						
25.380394	-113.1715741						
25.3918802	-113.1832962						
25.4105091	-113.2030707						
25.4417158	-113.25						
25.4413862	-113.2824508						
25.4413007	-113.2840614						
25.4415949	-113.3167037						
25.4427149	-113.3476774						
25.4509593	-113.3833007						
25.4718188	-113.4499969						
25.4962836	-113.4832992						
25.4989221	-113.4853933						
25.6511574	-113.5928851						
25.6812191	-113.6126375						
25.7228355	-113.5961746						
25.7283566	-113.5832977						
25.721486	-113.550003						
25.712623	-113.5182144						
25.7412891	-113.4867454						
25.8913345	-113.4994612						
25.9213219	-113.5171258						
25.951313	-113.540801						
25.9700945	-113.5624342						
25.9715758	-113.5832977						
25.9812851	-113.6077637						
25.9848909	-113.6166992						
25.9859088	-113.6183042						
25.9870777	-113.6477432						
25.9880905	-113.6528167						
25.9874916	-113.656166						
25.9874916	-113.6894989						
25.9943314	-113.7277603						
26.013813	-113.7602005						
26.0235806	-113.7674636						
26.0797558	-113.8672561						
26.0923538	-113.8848648						
26.0952396	-113.8870086						
26.0958557	-113.8880386						
26.1032047	-113.8953704						
26.1498947	-113.9370346						
26.1602249	-113.94384						
26.1747322	-113.9680328						
26.2018204	-113.988739						
26.4168854	-114.0950775						
26.4484615	-114.1025466						
26.4968262	-114.1255187						
26.5318336	-114.1334838						
26.5374031	-114.1322479						
26.5549068	-114.1462478						
26.5615749	-114.1499099						
26.5705948	-114.1522521						
26.5786629	-114.1587524						
26.5911674	-114.1657485						
26.592556	-114.1661148						
26.5937614	-114.1670608						
26.6619511	-114.2023925						
26.6994991	-114.211647						
26.704874	-114.2104568						
26.7107506	-114.2134552						
26.7478333	-114.2224807						
26.7819977	-114.2148742						
26.8013225	-114.2004073						
26.8675424	-114.2604506						
26.9660454	-114.3700732						
27.0114814	-114.4656781						
27.0576687	-114.550003						
27.1078274	-114.6242085						
27.1570163	-114.6832962						
27.22623	-114.7833023						
27.2416851	-114.807094						
27.2426058	-114.8167037						
27.242346	-114.8270251						
27.2371532	-114.8499984						
27.235701	-114.8833007						
27.2627964	-114.9425056						
27.2654279	-114.9470398						
27.4125825	-115.0813768						
27.4404659	-115.072454						
27.4490937	-115.0597139						
27.470047	-115.0487429						
27.4996204	-115.0480301						
27.5827054	-115.1103829						
27.6005587	-115.1500015						
27.6106911	-115.1752439						
27.651574	-115.3167037						
27.6981229	-115.3926818						
27.7359371	-115.4497089						
27.9236841	-115.6289734						
28.0011787	-115.6973068						
28.2364044	-115.7469826						
28.3831501	-115.7569806						
28.7052879	-115.7633318						
28.7284685	-115.75						
28.7501609	-115.6832962						
28.7582163	-115.6563073						
28.7605188	-115.6463176						
28.7594173	-115.6166992						
28.763752	-115.6004623						
28.8016541	-115.5265873						
28.8108856	-115.5167007						
28.9216813	-115.4302871						
28.9389534	-115.4296141						
28.9556701	-115.4309171						
28.9681244	-115.4365306						
28.9872146	-115.4499969						
29.0339297	-115.4918815						
29.11361	-115.550003						
29.2632843	-115.6500015						
29.2884712	-115.6648393						
29.5145527	-115.7905139						
29.580696	-115.8260957						
29.6190453	-115.9110565						
29.6225758	-115.916603						
29.6248779	-115.9278717						
29.6365547	-115.9548721						
29.6451817	-115.9686737						
29.6539116	-115.9837036						
29.6820965	-116.0053787						
29.7153339	-116.0129852						
29.731739	-116.0111846						
29.7367001	-116.010086						
29.741333	-116.0111465						
29.7583618	-116.0092086						
29.8610115	-115.9855422						
29.8672049	-115.9833714						
29.8683319	-115.9840191						
29.9261303	-116.0350597						
29.9195917	-116.0424669						
29.898303	-116.1166992						
29.9098049	-116.135515						
29.9258019	-116.1500015						
29.9838982	-116.1814775						
30.0081357	-116.1779541						
30.0127678	-116.1734902						
30.0242016	-116.1500015						
30.0314241	-116.1382257						
30.0416298	-116.1297361						
30.0508379	-116.1235007						
30.0623283	-116.1433715						
30.0903988	-116.1650466						
30.1158104	-116.172264						
30.1421127	-116.1749725						
30.1507149	-116.1898651						
30.1787605	-116.2115402						
30.1996803	-116.2181549						
30.4366665	-116.2571487						
30.4416828	-116.2610397						
30.4483604	-116.2638778						
30.577034	-116.3118194						
30.582901	-116.3167037						
30.5884457	-116.3268111						
30.5977706	-116.3499984						
30.5967223	-116.3929358						
30.6218147	-116.4778695						
30.7302017	-116.550003						
30.7683122	-116.5741937						
30.7764415	-116.5352548						
30.7956184	-116.4908667						
31.0266628	-116.59347						
31.0931118	-116.6289828						
31.2177486	-116.7119942						
31.2243961	-116.7166976						
31.2331616	-116.7320005						
31.2609181	-116.7833023						
31.2462654	-116.8034545						
31.2086665	-116.8060652						
31.1892338	-116.8063939						
31.1752184	-116.8167037						
31.1887584	-116.8494435						
31.189935	-116.8508173						
31.2177486	-116.8712185						
31.2462654	-116.8716663						
31.3505093	-116.8613324						
31.39203	-116.8499984						
31.4455585	-116.8322797						
31.4876428	-116.8340214						
31.5024357	-116.8365525						
31.5296254	-116.8485598						
31.6160583	-116.8977939						
31.686714	-116.9392211						
31.6875954	-116.9444274						
31.7060375	-116.9768676						
31.7336292	-116.9985427						
31.7661667	-117.0061492						
31.7951202	-117.0001754						
31.8596001	-116.9726791						
31.8641442	-116.9692745						
31.8827927	-116.9814067						
32.0120473	-117.1137794						
32.0124965	-117.1166992						
32.0158203	-117.1176435						
32.0685806	-117.1716766						
32.0730896	-117.1984252						
32.0914536	-117.2308654						
32.1189308	-117.2525405						
32.1513329	-117.260147						
32.1706429	-117.257286						
32.1743431	-117.2792587						
32.192688	-117.3116989						
32.2154846	-117.330902						
32.2276611	-117.3379058						
32.2646675	-117.3479843						
32.2970161	-117.3403778						
32.3155098	-117.3257598						
32.3388443	-117.3442077						
32.3711662	-117.3518142						
32.3901593	-117.3473429						
32.4719778	-117.4070334						
32.4919701	-117.402247						
32.5200844	-117.4054371						
32.5481873	-117.4104758						
32.5824952	-117.4189422						
32.5353394	-117.1223831  STARTING POINT FOR COASTAL STRATUM	
32.556,         -117.129      NORTHERN COASTAL BOUNDARY 
00.0		 000.0
5	-77.6342759
4.977747	-77.6343708
4.9445343	-77.6320879
4.9113197	-77.6270438
4.8843317	-77.6229186
4.8439367	-77.6157165
4.8116665	-77.6094909
4.7784452	-77.6031733
4.7630883	-77.6012636
4.7300738	-77.5985397
4.6977602	-77.5976257
4.6455464	-77.6017913
4.6123104	-77.6059971
4.3796659	-77.6400328
4.3464251	-77.6451472
4.3370167	-77.6500015
4.3218942	-77.658735
4.2612216	-77.6978956
4.2466941	-77.703486
4.2126129	-77.7158301
4.1801991	-77.7166671
4.0804458	-77.7112896
4.0471888	-77.6984093
4.0334518	-77.6833267
4.0139308	-77.6698971
4.0004937	-77.6634662
3.980674	-77.6567566
3.9729991	-77.6576919
3.9474161	-77.6639516
3.9021205	-77.6947589
3.8791106	-77.689682
3.8576667	-77.6873474
3.852879	-77.688301
3.8386781	-77.6787872
3.823998	-77.6739883
3.7416668	-77.6539916
3.7181666	-77.651184
3.6799831	-77.6587905
3.6476114	-77.6804656
3.6259806	-77.7129058
3.6183848	-77.7511672
3.6259806	-77.7894287
3.6476114	-77.8218688
3.6799831	-77.843544
3.6837128	-77.844763
3.6761316	-77.8500137
3.5339179	-77.9643302
3.5280435	-77.9833374
3.5236225	-77.9920267
3.5149484	-78.0064431
3.5080373	-78.0166702
3.496446	-78.0314688
3.4816728	-78.0470532
3.477757	-78.050003
3.4483886	-78.0681228
3.4236772	-78.0747608
3.4151106	-78.0769695
3.3860575	-78.0791097
3.351937	-78.0799529
3.3485527	-78.0795331
3.3219848	-78.0766181
3.3152714	-78.0772933
3.2154207	-78.1230558
3.1818208	-78.1500015
3.1669575	-78.1681318
3.1553838	-78.1833267
3.1488481	-78.1944402
3.0841826	-78.3166732
3.0697399	-78.3500137
3.0804891	-78.3815536
3.0822725	-78.3854894
3.1021091	-78.4166717
3.1155615	-78.4309194
3.1365986	-78.4499969
3.1518741	-78.553034
3.0595938	-78.6272935
2.8794614	-78.8166732
2.8582756	-78.8500137
2.8291545	-78.8833389
2.7076564	-79.0166702
2.6827211	-79.0416295
2.6687566	-79.050003
2.649421	-79.0595668
2.6161184	-79.0614569
2.5635356	-79.048787
2.2784698	-79.1044692
2.2593334	-79.1063156
2.2210994	-79.0987091
2.220656	-79.0984126
2.0831609	-79.2990894
2.0412316	-79.4747181
2.0150137	-79.5833435
2.0035893	-79.6037268
1.9935506	-79.6166687
1.9832107	-79.6243118
1.967824	-79.6346073
1.9498941	-79.6453268
1.9413793	-79.6500015
1.8942513	-79.6723294
1.8704703	-79.6833267
1.8499359	-79.691111
1.8166152	-79.6998396
1.783294	-79.7041858
1.7499721	-79.7049475
1.7166437	-79.7006745
1.7015183	-79.6984599
1.6870232	-79.6833267
1.6378901	-79.6378913
1.5166972	-79.6928525
1.501686	-79.7016489
1.4833723	-79.7136814
1.4816335	-79.7149276
1.4793731	-79.7166671
1.4500452	-79.7451457
1.4476872	-79.7476415
1.4458443	-79.75
1.4348965	-79.7651547
1.4599509	-79.7748297
1.4949109	-79.8051319
1.4963761	-79.8166732
1.4972381	-79.8305455
1.4833723	-79.8493491
1.405924	-79.9166717
1.2672022	-80.0337986
1.2467585	-80.050003
1.2167459	-80.0719223
1.1834158	-80.0925452
1.1404722	-80.117609
1.1281239	-80.1348648
1.1280265	-80.1349792
1.1226716	-80.1446304
1.1066864	-80.1670074
1.1021932	-80.189598
1.0954925	-80.2028884
0.9819954	-80.3915481
0.9670252	-80.4106979
0.9613366	-80.4144973
0.9575254	-80.4202041
0.9196596	-80.4439468
0.8557251	-80.4661712
0.8539258	-80.4673767
0.8360687	-80.4728851
0.4739035	-80.5483856
0.4686382	-80.5489273
0.3496486	-80.5758001	
0.349132	-80.5833435	
0.3422507	-80.6088768	
0.337663	-80.6166687	
0.3167083	-80.6377411	
0.2833714	-80.6406738	
0.2733407	-80.6399721	
0.2500342	-80.6368471	
0.216697	-80.6323293	
0.1956688	-80.6289762	
0.1627689	-80.6294136	
0.1359854	-80.6359666	Southern most point of 'Bound98c' before Equator (Going South)
0.00	-80.700	Equator
0.00	-80.083	Equator
0.083	-80.033	Southern most point of 'Coast' after Equator (going North)
0.167	-80.033	
0.367	-80.083	
0.4	-80.083	
0.517	-80.083	
0.6	-80.083	
0.683	-80.083	
0.8	-80	
0.8	-79.917	
0.8	-79.883	
0.8	-79.833	
0.8	-79.8	
0.8	-79.633	
0.8	-79.6	
0.8	-79.6	
0.833	-79.567	
0.883	-79.483	
1	-79.4	
1	-79.367	
1.033	-79.283	
1.083	-79.233	
1.083	-79.2	
1.117	-79.083	
1.117	-79.033	
1.167	-79	
1.167	-79	
1.167	-78.967	
1.233	-78.883	
1.283	-78.883	
1.283	-78.833	
1.283	-78.833	
1.317	-78.833	
1.367	-78.883	
1.367	-78.883	
1.367	-78.883	
1.433	-78.967	
1.483	-78.967	
1.483	-78.967	
1.517	-78.967	
1.567	-78.967	
1.633	-78.917	
1.683	-78.917	*BEGIN ECUADOR (PACIFIC COAST)
1.683	-78.883	*END COLOMBIA
1.717	-78.883	
1.767	-78.833	
1.8	-78.717	
1.8	-78.683	
1.8	-78.633	
1.8	-78.633	
1.8	-78.6	
1.883	-78.6	
1.883	-78.6	
1.967	-78.6	
2	-78.6	
2.033	-78.633	
2.2	-78.6	
2.233	-78.6	
2.317	-78.567	
2.4	-78.517	
2.433	-78.483	
2.567	-78.317	
2.567	-78.283	
2.6	-78.233	
2.6	-78.2	
2.6	-78.167	
2.567	-78.033	
2.567	-78	
2.567	-78	
2.6	-77.917	
2.6	-77.833	
2.633	-77.717	
2.683	-77.683	
2.683	-77.683	
2.767	-77.633	
2.833	-77.6	
3.083	-77.517	
3.167	-77.483	
3.2	-77.483	
3.233	-77.433	
3.283	-77.4	
3.4	-77.283	
3.483	-77.233	
3.517	-77.2	
3.567	-77.167	
3.567	-77.117	
3.683	-77	
3.767	-76.967	
3.8	-76.917	
3.883	-76.917	
3.917	-76.917	
3.883	-77	
3.883	-77	
3.8	-77.083	
3.8	-77.083	
3.8	-77.167	
3.8	-77.283	
3.833	-77.367	
3.833	-77.367	
3.883	-77.4	
3.883	-77.433	
4	-77.433	
4.083	-77.433	
4.167	-77.433	
4.2	-77.4	
4.233	-77.4	
4.433	-77.317	
4.517	-77.317	
4.567	-77.317	
4.633	-77.367	
4.717	-77.367	
4.917	-77.4	
5	-77.433	Northern most point of 'Coast'
5	-77.6342759
0.00	0.00
0.00		-80.700		Equator
-0.0166724	-80.7067399	Northern most point, south of the Equator on 'Bound98c'
-0.0231923	-80.7101467	
-0.0338266	-80.7166671	
-0.0500099	-80.7296907	
-0.0597856	-80.7402311	
-0.0671173	-80.7500076	
-0.0776729	-80.7776667	
-0.1324914	-80.8500137	
-0.24684	-80.9865304	
-0.2833714	-80.9869969	
-0.2990398	-80.9833374	
-0.4500555	-81.0272875	
-0.5834073	-81.0473509	
-0.8964987	-81.1035931	
-1.1614197	-81.1833267	
-1.1834158	-81.1908268	
-1.2318033	-81.2016049
-1.3833904	-81.2345308
-1.4316516	-81.2328007
-1.5933722	-81.2756423
-1.5955353	-81.2770538
-1.6329415	-81.2915649
-1.6359972	-81.3069305
-1.6576626	-81.3393707
-1.6900868	-81.3610458
-1.7200097	-81.368309
-1.801677	-81.3751373
-1.8049349	-81.3752746
-1.8347569	-81.3952102
-1.8678337	-81.402687
-1.951597	-81.4070053
-1.9544035	-81.4072113
-1.9656682	-81.4054031
-1.9738821	-81.4073028
-2.0037153	-81.4091339
-2.0480723	-81.4017105
-2.0804892	-81.3800354
-2.0950329	-81.3582534
-2.174468	-81.3594741
-2.2142353	-81.3518753
-2.2466488	-81.3302001
-2.2683063	-81.29776
-2.2759113	-81.2594985
-2.2696848	-81.2281725
-2.348099	-81.2150959
-2.3743137	-81.1833267
-2.382978	-81.1751765
-2.3952639	-81.1710346
-2.6161184	-81.1288084
-2.630254	-81.1308171
-2.649421	-81.1341287
-2.7454443	-81.1794463
-2.8706967	-81.2284976
-2.9158123	-81.2423455
-2.9765961	-81.1833267
-2.9713018	-81.1722183
-3.0163851	-81.1500015
-3.1035556	-81.1286903
-3.2069883	-81.1415572
-3.258735	-81.1711419
-3.2760837	-81.1451339
-3.3084681	-81.1234588
-3.3466668	-81.1158523
-3.3848641	-81.1234588
-3.4188063	-81.1467361
-3.4382155	-81.1670684
-3.4584913	-81.1694946
-3.4701579	-81.1723251
-3.4848599	-81.177124
-3.5172374	-81.1987991
-3.5205648	-81.2037887
-3.5498574	-81.2096252
-3.5822325	-81.2313003
-3.5922101	-81.2429656
-3.6043756	-81.2596282
-3.6055365	-81.2616958
-3.6106551	-81.267517
-3.6168175	-81.2754669
-3.6208138	-81.272789
-3.6589999	-81.2651824
-3.6971843	-81.272789
-3.7295542	-81.2944641
-3.7528608	-81.3312454
-3.7573605	-81.34375
-3.7591913	-81.354248
-3.8143922	-81.4364129
-3.9035416	-81.4273074
-3.9355377	-81.3833389
-4.0464442	-81.3166732
-4.0954093	-81.3166732
-4.2134476	-81.3344775
-4.3796659	-81.4070565
-4.418864	-81.4499969
-4.4461436	-81.4772172
-4.4502206	-81.4792477
-4.7336827	-81.4949138
-4.8018862	-81.4921886
-4.8017173	-81.4923019
-4.7801185	-81.5247421
-4.7725339	-81.5630035
-4.7801185	-81.6012649
-4.8017173	-81.6337051
-4.8340406	-81.6553802
-4.8517895	-81.6608734
-4.9987941	-81.6917037
-5.0191665	-81.6938171
-5.057282	-81.6862106
-5.0857239	-81.6671295
-5.3540473	-81.5950927
-5.3664303	-81.5908737
-5.3675318	-81.5901336
-5.3751788	-81.5890731
-5.3940115	-81.5837402
-5.4044113	-81.5801162
-5.4091797	-81.5795898
-5.4285126	-81.5752563
-5.4412885	-81.5711975
-5.4464898	-81.5706253
-5.4554892	-81.5686264
-5.4631348	-81.5662078
-5.4685893	-81.5656051
-5.4887552	-81.5611038
-5.5032215	-81.5565185
-5.5086284	-81.5558319
-5.5137944	-81.5544967
-5.5270863	-81.5500411
-5.5421352	-81.5399398
-5.5509477	-81.5385284
-5.6126928	-81.5182266
-5.6331668	-81.5223159
-5.6534848	-81.5202102
-5.6566515	-81.5195465
-5.664711	-81.5170516
-5.6672397	-81.5166473
-5.6919045	-81.5086441
-5.6994085	-81.5058746
-5.7099633	-81.4987869
-5.7341142	-81.4950714
-5.8144431	-81.4697418
-5.8227334	-81.4667129
-5.8235273	-81.4661788
-5.837883	-81.464508
-5.9523783	-81.4375076
-5.9677238	-81.4325408
-5.9999847	-81.4108657
-6.0215402	-81.3784255
-6.0251102	-81.360382
-6.0311947	-81.3695373
-6.0634522	-81.3912124
-6.1015	-81.3988189
-6.1250572	-81.3959732
-6.1338906	-81.3938064
-6.1483779	-81.3890457
-6.1806283	-81.3673706
-6.2021761	-81.3349304
-6.2097425	-81.296669
-6.2035134	-81.26517
-6.2633512	-81.208332
-6.3047729	-81.2041894
-6.4041777	-81.1906485
-6.433625	-81.1833267
-6.4373059	-81.1815042
-6.4655337	-81.1500015
-6.5366788	-81.0530057
-6.5697989	-81.1114536
-6.5738765	-81.1125655
-6.6691437	-81.1385184
-6.7022548	-81.1321955
-6.7150521	-81.1166687
-6.7208259	-81.102036
-6.6989865	-80.9833374
-6.691553	-80.9607728
-6.6691437	-80.9511525
-6.6681105	-80.9510372
-6.6360307	-80.9512872
-6.6340213	-80.9479747
-6.6317147	-80.9166717
-6.6477348	-80.8617928
-6.6549524	-80.8500137
-6.6691437	-80.8349351
-6.7022548	-80.8352152
-6.9008718	-80.8890725
-6.9154471	-80.9019949
-6.9157469	-80.9166717
-6.9058455	-80.9499969
-6.8965842	-80.9876545
-6.892246	-81.0166625
-6.9008718	-81.0239693
-7.0001574	-81.072164
-7.0332451	-81.0584775
-7.0376954	-81.0544877
-7.0400043	-81.050003
-7.0512911	-81.0166625
-7.0705455	-80.9499969
-7.1559331	-80.9282775
-7.1706905	-80.9505386
-7.2028737	-80.9722137
-7.2408333	-80.9798202
-7.27879	-80.9722137
-7.3109651	-80.9505386
-7.3324628	-80.9180984
-7.3373561	-80.8932966
-7.3586709	-80.8887028
-7.3970528	-80.8777847
-7.4412928	-80.8612854
-7.5147345	-80.831343
-7.5292797	-80.8238176
-7.5363925	-80.8166732
-7.5380794	-80.7922156
-7.6086534	-80.7300642
-7.6284194	-80.7181273
-7.9917293	-80.5286492
-8.0232066	-80.5182205
-8.0247421	-80.5179047
-8.0577517	-80.5282642
-8.0838156	-80.550003
-8.0846238	-80.5562059
-8.0823368	-80.5833435
-8.0773364	-80.6031126
-8.0783856	-80.6166687
-8.090766	-80.6323547
-8.1155195	-80.6500015
-8.1237707	-80.6521438
-8.1546511	-80.6521438
-8.1567726	-80.6520843
-8.1677723	-80.6500015
-8.1897717	-80.6410464
-8.2135282	-80.6260018
-8.4206867	-80.4851555
-8.4230997	-80.4833374
-8.4369554	-80.4664449
-8.4478012	-80.4499969
-8.4536638	-80.4393328
-8.461449	-80.4166717
-8.4718555	-80.3500137
-8.4745986	-80.3288451
-8.4774346	-80.2833404
-8.4628228	-80.2500076
-8.4536638	-80.2410771
-8.4434596	-80.2269838
-8.4384721	-80.2166671
-8.4390073	-80.1833267
-8.4536638	-80.1590902
-8.4589161	-80.1553099
-8.4677948	-80.1500015
-8.4866362	-80.1442873
-8.5941628	-80.1412837
-8.6185045	-80.1468569
-8.7274146	-80.1268189
-9.013834	-80.064686
-9.1819231	-80.0202134
-9.1932341	-80.0166702
-9.2113342	-80.0090314
-9.2358535	-79.9833374
-9.2548869	-79.9607776
-9.260853	-79.9499969
-9.2771511	-79.897922
-9.2807495	-79.8833389
-9.2771511	-79.872404
-9.2642888	-79.8630408
-9.2685239	-79.8500137
-9.2709727	-79.8437532
-9.294917	-79.7833404
-9.310051	-79.7607866
-9.3175894	-79.7576405
-9.3758402	-79.7334617
-9.5073843	-79.6939007
-9.5349138	-79.6887511
-9.5731382	-79.6874942
-9.5940563	-79.6954505
-9.6060095	-79.702843
-9.6388769	-79.7201927
-9.6589854	-79.7296055
-9.6925908	-79.7166671
-9.7046051	-79.7107322
-9.7351308	-79.6833267
-9.737464	-79.6810415
-9.7719874	-79.6439083
-9.7986669	-79.6292991
-9.8018779	-79.6277796
-9.8141282	-79.6210953
-9.8166836	-79.6192615
-9.8201699	-79.6166687
-9.8250786	-79.6128752
-9.8360291	-79.6031749
-9.8454107	-79.5944519
-9.8469772	-79.5927939
-9.8536229	-79.5833435
-9.8689466	-79.5611216
-9.8728989	-79.554096
-9.8749913	-79.5500106
-9.8798211	-79.5387233
-9.8838984	-79.5277837
-9.8858013	-79.5217129
-9.8873516	-79.5166702
-9.8870752	-79.5152079
-9.9080985	-79.4992338
-9.9152195	-79.4938231
-9.9017162	-79.4385583
-9.9017162	-79.3833389
-9.923178	-79.3166732
-9.9236094	-79.3156221
-9.9270983	-79.3091018
-9.9297793	-79.3055597
-9.9783363	-79.253552
-10.1796076	-79.0988518
-10.1862128	-79.0943585
-10.219023	-79.0761038
-10.2265868	-79.0722325
-10.2299594	-79.0712547
-10.23106	-79.0711142
-10.2408946	-79.0710085
-10.2420855	-79.0710224
-10.2633613	-79.0722325
-10.2736994	-79.0805801
-10.2769726	-79.0833435
-10.2846339	-79.0912227
-10.2955684	-79.0933781
-10.3040683	-79.0919795
-10.3611698	-79.0809343
-10.3721005	-79.078761
-10.3830312	-79.0760606
-10.393981	-79.072213
-10.4048916	-79.0681872
-10.4075222	-79.0670559
-10.4158213	-79.0634867
-10.4267511	-79.0574429
-10.4376796	-79.0494227
-10.4795836	-79.0166702
-10.5715138	-78.9179029
-10.6347035	-78.8500137
-10.6702868	-78.8055597
-10.6780734	-78.7943868
-10.6829648	-78.7833328
-10.6840611	-78.7783735
-10.6837708	-78.7722218
-10.6832421	-78.7664292
-10.6820713	-78.7611109
-10.6823772	-78.7544383
-10.6829404	-78.75
-10.6889352	-78.7404595
-10.6901994	-78.738889
-10.732985	-78.6944503
-10.8674546	-78.5833435
-10.8854255	-78.5711309
-10.9112078	-78.5540404
-10.9185118	-78.5496547
-11.1300296	-78.4547041
-11.216448	-78.4166717
-11.3819813	-78.3573284
-11.4156532	-78.3459246
-11.4196608	-78.3445137
-11.4236876	-78.3430088
-11.4309941	-78.3389002
-11.4741172	-78.3024586
-11.5067939	-78.2718551
-11.5394601	-78.2651208
-11.686532	-78.2001316
-11.7353734	-78.1680798
-11.7828721	-78.1318466
-11.811524	-78.0961083
-11.8412089	-78.0581124
-11.8441543	-78.0516847
-11.8451172	-78.0490267
-11.8483201	-78.0388971
-11.8502568	-78.0326613
-11.8515396	-78.0277837
-11.854219	-78.0174989
-11.8590227	-77.9985273
-12.1376511	-77.7733211
-12.164331	-77.7328435
-12.1811037	-77.7151088
-12.2109601	-77.6861316
-12.2593636	-77.6500015
-12.3602483	-77.6833419
-12.3640915	-77.6960961
-12.3689639	-77.7055587
-12.3750503	-77.7166671
-12.3765544	-77.7188437
-12.4416704	-77.7913437
-12.4459945	-77.7944463
-12.4525222	-77.7986036
-12.4576374	-77.7996853
-12.4633728	-77.8000803
-12.485074	-77.8003487
-12.495923	-77.7977073
-12.4978381	-77.7964081
-12.5003694	-77.7944463
-12.5033572	-77.7909483
-12.5080099	-77.7846008
-12.5089196	-77.7833328
-12.5650857	-77.6833419
-12.5709503	-77.6500015
-12.5718571	-77.646381
-12.5742004	-77.6388905
-12.5783831	-77.6277796
-12.5830781	-77.6166687
-12.5868741	-77.6098323
-12.5893576	-77.6055603
-12.5910549	-77.6030064
-12.5935481	-77.6000025	
-12.5966357	-77.5966357	Southern Limit of 'Bound98c'
-12	-77	Eastern Limit of 'Bound98'
-11.967	-77.2	First point north of Eastern Limit of 'Bound98' in 'Coast' 
-11.717	-77.317	
-11.633	-77.4	
-11.6	-77.433	
-11.567	-77.483	
-11.517	-77.567	
-11.433	-77.633	
-11.367	-77.683	
-11.283	-77.717	
-11.167	-77.767	
-11.033	-77.767	
-10.8	-77.8	
-10.717	-77.8	
-10.6	-77.833	
-10.517	-77.883	
-10.4	-77.967	
-10.2	-78.083	
-10.167	-78.117	
-10.083	-78.2	
-10	-78.2	
-9.883	-78.233	
-9.6	-78.367	
-9.517	-78.367	
-9.4	-78.4	
-9.317	-78.433	
-9.233	-78.483	
-9	-78.633	
-8.917	-78.683	
-8.8	-78.717	
-8.767	-78.717	
-8.6	-78.767	
-8.317	-78.833	
-8.233	-78.917	
-8.2	-79	
-8.083	-79.083	
-8	-79.2	
-7.8	-79.4	
-7.683	-79.483	
-7.6	-79.483	
-7.517	-79.517	
-7.483	-79.567	
-7.2	-79.633	
-7.167	-79.683	
-7.083	-79.683	
-7.083	-79.767	
-7	-79.767	
-7	-79.8	
-6.917	-79.883	
-6.883	-79.883	
-6.8	-79.967	
-6.767	-80	
-6.6	-80.2	
-6.567	-80.233	
-6.517	-80.283	
-6.483	-80.367	
-6.433	-80.433	
-6.317	-80.567	
-6.283	-80.6	
-6.233	-80.683	
-6.2	-80.717	
-6.167	-80.767	
-6.083	-80.883	
-6.083	-80.883	
-6.033	-80.917	
-6.033	-81	
-6	-81.033	
-5.883	-81.083	
-5.883	-81.033	
-5.8	-81	
-5.767	-80.917	
-5.717	-80.883	
-5.6	-80.833	
-5.567	-80.833	
-5.517	-80.883	
-5.483	-80.883	
-5.433	-80.917	
-5.367	-81.033	
-5.283	-81.083	
-5.283	-81.083	
-5.233	-81.083	
-5.2	-81.083	
-5.033	-81.117	
-5	-81.167	
-4.917	-81.2	
-4.883	-81.2	
-4.833	-81.233	
-4.633	-81.233	
-4.6	-81.283	
-4.483	-81.233	
-4.4	-81.233	
-4.283	-81.233	
-4.167	-81.083	
-4.117	-81.083	
-4.083	-81	
-4	-80.967	
-3.967	-80.917	
-3.833	-80.8	
-3.8	-80.767	
-3.767	-80.717	
-3.767	-80.683	
-3.683	-80.633	
-3.6	-80.517	
-3.6	-80.483	
-3.567	-80.483	
-3.517	-80.433	
-3.483	-80.4	
-3.483	-80.367	
-3.483	-80.367	
-3.483	-80.367	
-3.433	-80.317	
-3.4	-80.283	
-3.4	-80.283	
-3.4	-80.233	
-3.4	-80.233	
-3.4	-80.2	
-3.367	-80.167	
-3.317	-80.117	
-3.317	-80.083	
-3.283	-80.033	
-3.283	-80	
-3.117	-79.883	
-3.083	-79.833	
-3.033	-79.833	
-2.967	-79.833	
-2.883	-79.8	
-2.717	-79.8	
-2.683	-79.8	
-2.6	-79.767	
-2.517	-79.8	
-2.483	-79.8	
-2.433	-79.883	
-2.4	-79.883	
-2.4	-79.883	
-2.367	-79.883	
-2.317	-79.883	
-2.2	-79.883	
-2.2	-79.883	
-2.2	-79.917	
-2.283	-80	
-2.317	-80.033	
-2.4	-80.083	
-2.483	-80.117	
-2.517	-80.167	
-2.633	-80.283	
-2.633	-80.283	
-2.633	-80.317	
-2.6	-80.4	
-2.6	-80.4	
-2.517	-80.483	
-2.483	-80.483	
-2.483	-80.517	
-2.483	-80.6	
-2.433	-80.633	
-2.367	-80.767	
-2.317	-80.8	
-2.317	-80.8	
-2.283	-80.8	
-2.2	-80.8	
-2	-80.8	
-1.917	-80.8	
-1.833	-80.833	
-1.8	-80.833	
-1.683	-80.833	
-1.517	-80.8	
-1.433	-80.8	
-1.4	-80.8	
-1.367	-80.8	
-1.283	-80.8	
-1.167	-80.8	
-1.117	-80.8	
-1.083	-80.8	
-1	-80.8	
-1	-80.767	
-0.967	-80.683	
-0.917	-80.683	
-0.917	-80.6	
-0.917	-80.6	
-0.883	-80.517	
-0.8	-80.483	
-0.8	-80.433	
-0.717	-80.4	
-0.717	-80.4	
-0.633	-80.4	
-0.433	-80.4	
-0.4	-80.367	
-0.367	-80.367	
-0.283	-80.317	
-0.233	-80.283	
-0.083	-80.167	Northern most point, south of Equator along 'Coast'
0.00	-80.083 Equator
0.00		-80.700		Equator
0.00	0.00




