25.0000000 -112.8647460        Polygon of outer stratum for STAR surveys 1998-2000
25.0000000 -120.0000000        (excludes coastal strip)
 5.0000000 -120.0000000
 5.0000000  -77.6342759
 4.9777470  -77.6343709
 4.9445343  -77.6320880
 4.9113197  -77.6270438
 4.8843317  -77.6229186
 4.8439367  -77.6157166
 4.8116665  -77.6094910
 4.7784452  -77.6031734
 4.7630883  -77.6012637
 4.7300738  -77.5985398
 4.6977602  -77.5976257
 4.6455464  -77.6017914
 4.6123104  -77.6059971
 4.3796659  -77.6400328
 4.3464251  -77.6451472
 4.3370167  -77.6500015
 4.3218942  -77.6587350
 4.2612216  -77.6978957
 4.2466941  -77.7034861
 4.2126129  -77.7158302
 4.1801991  -77.7166672
 4.0804458  -77.7112897
 4.0471888  -77.6984093
 4.0334518  -77.6833267
 4.0139308  -77.6698972
 4.0004937  -77.6634663
 3.9806740  -77.6567566
 3.9729991  -77.6576920
 3.9474161  -77.6639516
 3.9021205  -77.6947589
 3.8791106  -77.6896820
 3.8576667  -77.6873474
 3.8528790  -77.6883011
 3.8386781  -77.6787872
 3.8239980  -77.6739883
 3.7416668  -77.6539917
 3.7181666  -77.6511841
 3.6799831  -77.6587906
 3.6476114  -77.6804657
 3.6259806  -77.7129059
 3.6183848  -77.7511673
 3.6259806  -77.7894287
 3.6476114  -77.8218689
 3.6799831  -77.8435440
 3.6837128  -77.8447630
 3.6761316  -77.8500137
 3.5339179  -77.9643302
 3.5280435  -77.9833374
 3.5236225  -77.9920267
 3.5149484  -78.0064431
 3.5080373  -78.0166702
 3.4964460  -78.0314689
 3.4816728  -78.0470532
 3.4777570  -78.0500031
 3.4483886  -78.0681229
 3.4236772  -78.0747608
 3.4151106  -78.0769696
 3.3860575  -78.0791098
 3.3519370  -78.0799530
 3.3485527  -78.0795332
 3.3219848  -78.0766182
 3.3152714  -78.0772933
 3.2154207  -78.1230558
 3.1818208  -78.1500015
 3.1669575  -78.1681318
 3.1553838  -78.1833267
 3.1488481  -78.1944402
 3.0841826  -78.3166733
 3.0697399  -78.3500137
 3.0804891  -78.3815536
 3.0822725  -78.3854894
 3.1021091  -78.4166718
 3.1155615  -78.4309195
 3.1365986  -78.4499969
 3.1518741  -78.5530340
 3.0595938  -78.6272935
 2.8794614  -78.8166733
 2.8582756  -78.8500137
 2.8291545  -78.8833389
 2.7076564  -79.0166702
 2.6827211  -79.0416296
 2.6687566  -79.0500031
 2.6494210  -79.0595668
 2.6161184  -79.0614570
 2.5635356  -79.0487871
 2.2784698  -79.1044693
 2.2593334  -79.1063156
 2.2210994  -79.0987091
 2.2206560  -79.0984126
 2.0831609  -79.2990894
 2.0412316  -79.4747181
 2.0150137  -79.5833435
 2.0035893  -79.6037269
 1.9935506  -79.6166687
 1.9832107  -79.6243119
 1.9678240  -79.6346074
 1.9498941  -79.6453268
 1.9413793  -79.6500015
 1.8942513  -79.6723294
 1.8704703  -79.6833267
 1.8499359  -79.6911111
 1.8166152  -79.6998397
 1.7832940  -79.7041859
 1.7499721  -79.7049475
 1.7166437  -79.7006746
 1.7015183  -79.6984600
 1.6870232  -79.6833267
 1.6378901  -79.6378914
 1.5166972  -79.6928526
 1.5016860  -79.7016490
 1.4833723  -79.7136815
 1.4816335  -79.7149277
 1.4793731  -79.7166672
 1.4500452  -79.7451457
 1.4476872  -79.7476415
 1.4458443  -79.7500000
 1.4348965  -79.7651548
 1.4599509  -79.7748298
 1.4949109  -79.8051320
 1.4963761  -79.8166733
 1.4972381  -79.8305455
 1.4833723  -79.8493491
 1.4059240  -79.9166718
 1.2672022  -80.0337986
 1.2467585  -80.0500031
 1.2167459  -80.0719224
 1.1834158  -80.0925452
 1.1404722  -80.1176090
 1.1281239  -80.1348648
 1.1280265  -80.1349792
 1.1226716  -80.1446304
 1.1066864  -80.1670074
 1.1021932  -80.1895981
 1.0954925  -80.2028885
 0.9819954  -80.3915482
 0.9670252  -80.4106979
 0.9613366  -80.4144974
 0.9575254  -80.4202042
 0.9196596  -80.4439468
 0.8557251  -80.4661713
 0.8539258  -80.4673767
 0.8360687  -80.4728851
 0.4739035  -80.5483856
 0.4686382  -80.5489273
 0.3496486  -80.5758002
 0.3491320  -80.5833435
 0.3422507  -80.6088768
 0.3376630  -80.6166687
 0.3167083  -80.6377412
 0.2833714  -80.6406738
 0.2733407  -80.6399722
 0.2500342  -80.6368472
 0.2166970  -80.6323294
 0.1956688  -80.6289762
 0.1627689  -80.6294136
 0.1359854  -80.6359667
-0.0166724  -80.7067400
-0.0231923  -80.7101467
-0.0338266  -80.7166672
-0.0500099  -80.7296908
-0.0597856  -80.7402311
-0.0671173  -80.7500076
-0.0776729  -80.7776668
-0.1324914  -80.8500137
-0.2468400  -80.9865305
-0.2833714  -80.9869969
-0.2990398  -80.9833374
-0.4500555  -81.0272876
-0.5834073  -81.0473510
-0.8964987  -81.1035932
-1.1614197  -81.1833267
-1.1834158  -81.1908269
-1.2318033  -81.2016049
-1.3833904  -81.2345309
-1.4316516  -81.2328007
-1.5933722  -81.2756424
-1.5955353  -81.2770538
-1.6329415  -81.2915649
-1.6359972  -81.3069305
-1.6576626  -81.3393707
-1.6900868  -81.3610458
-1.7200097  -81.3683090
-1.8016770  -81.3751373
-1.8049349  -81.3752747
-1.8347569  -81.3952103
-1.8678337  -81.4026871
-1.9515970  -81.4070053
-1.9544035  -81.4072113
-1.9656682  -81.4054031
-1.9738821  -81.4073029
-2.0037153  -81.4091339
-2.0480723  -81.4017105
-2.0804892  -81.3800354
-2.0950329  -81.3582535
-2.1744680  -81.3594742
-2.2142353  -81.3518753
-2.2466488  -81.3302002
-2.2683063  -81.2977600
-2.2759113  -81.2594986
-2.2696848  -81.2281726
-2.3480990  -81.2150960
-2.3743137  -81.1833267
-2.3829780  -81.1751765
-2.3952639  -81.1710346
-2.6161184  -81.1288084
-2.6302540  -81.1308172
-2.6494210  -81.1341288
-2.7454443  -81.1794464
-2.8706967  -81.2284977
-2.9158123  -81.2423455
-2.9765961  -81.1833267
-2.9713018  -81.1722183
-3.0163851  -81.1500015
-3.1035556  -81.1286904
-3.2069883  -81.1415572
-3.2587350  -81.1711420
-3.2760837  -81.1451340
-3.3084681  -81.1234589
-3.3466668  -81.1158524
-3.3848641  -81.1234589
-3.4188063  -81.1467361
-3.4382155  -81.1670685
-3.4584913  -81.1694946
-3.4701579  -81.1723251
-3.4848599  -81.1771240
-3.5172374  -81.1987991
-3.5205648  -81.2037888
-3.5498574  -81.2096252
-3.5822325  -81.2313004
-3.5922101  -81.2429657
-3.6043756  -81.2596283
-3.6055365  -81.2616959
-3.6106551  -81.2675171
-3.6168175  -81.2754669
-3.6208138  -81.2727890
-3.6589999  -81.2651825
-3.6971843  -81.2727890
-3.7295542  -81.2944641
-3.7528608  -81.3312454
-3.7573605  -81.3437500
-3.7591913  -81.3542480
-3.8143922  -81.4364130
-3.9035416  -81.4273075
-3.9355377  -81.3833389
-4.0464442  -81.3166733
-4.0954093  -81.3166733
-4.2134476  -81.3344775
-4.3796659  -81.4070565
-4.4188640  -81.4499969
-4.4461436  -81.4772172
-4.4502206  -81.4792477
-4.7336827  -81.4949139
-4.8018862  -81.4921887
-4.8017173  -81.4923019
-4.7801185  -81.5247421
-4.7725339  -81.5630035
-4.7801185  -81.6012650
-4.8017173  -81.6337051
-4.8340406  -81.6553802
-4.8517895  -81.6608734
-4.9987941  -81.6917038
-5.0191665  -81.6938171
-5.0572820  -81.6862106
-5.0857239  -81.6671295
-5.3540473  -81.5950928
-5.3664303  -81.5908737
-5.3675318  -81.5901337
-5.3751788  -81.5890732
-5.3940115  -81.5837402
-5.4044113  -81.5801163
-5.4091797  -81.5795898
-5.4285126  -81.5752563
-5.4412885  -81.5711975
-5.4464898  -81.5706253
-5.4554892  -81.5686264
-5.4631348  -81.5662079
-5.4685893  -81.5656052
-5.4887552  -81.5611038
-5.5032215  -81.5565186
-5.5086284  -81.5558319
-5.5137944  -81.5544968
-5.5270863  -81.5500412
-5.5421352  -81.5399399
-5.5509477  -81.5385284
-5.6126928  -81.5182266
-5.6331668  -81.5223160
-5.6534848  -81.5202103
-5.6566515  -81.5195465
-5.6647110  -81.5170517
-5.6672397  -81.5166473
-5.6919045  -81.5086441
-5.6994085  -81.5058746
-5.7099633  -81.4987869
-5.7341142  -81.4950714
-5.8144431  -81.4697418
-5.8227334  -81.4667130
-5.8235273  -81.4661789
-5.8378830  -81.4645081
-5.9523783  -81.4375076
-5.9677238  -81.4325409
-5.9999847  -81.4108658
-6.0215402  -81.3784256
-6.0251102  -81.3603821
-6.0311947  -81.3695374
-6.0634522  -81.3912125
-6.1015000  -81.3988190
-6.1250572  -81.3959732
-6.1338906  -81.3938065
-6.1483779  -81.3890457
-6.1806283  -81.3673706
-6.2021761  -81.3349304
-6.2097425  -81.2966690
-6.2035134  -81.2651700
-6.2633512  -81.2083321
-6.3047729  -81.2041895
-6.4041777  -81.1906485
-6.4336250  -81.1833267
-6.4373059  -81.1815042
-6.4655337  -81.1500015
-6.5366788  -81.0530058
-6.5697989  -81.1114537
-6.5738765  -81.1125656
-6.6691437  -81.1385184
-6.7022548  -81.1321955
-6.7150521  -81.1166687
-6.7208259  -81.1020361
-6.6989865  -80.9833374
-6.6915530  -80.9607728
-6.6691437  -80.9511526
-6.6681105  -80.9510372
-6.6360307  -80.9512872
-6.6340213  -80.9479748
-6.6317147  -80.9166718
-6.6477348  -80.8617929
-6.6549524  -80.8500137
-6.6691437  -80.8349351
-6.7022548  -80.8352153
-6.9008718  -80.8890726
-6.9154471  -80.9019950
-6.9157469  -80.9166718
-6.9058455  -80.9499969
-6.8965842  -80.9876545
-6.8922460  -81.0166626
-6.9008718  -81.0239694
-7.0001574  -81.0721641
-7.0332451  -81.0584775
-7.0376954  -81.0544878
-7.0400043  -81.0500031
-7.0512911  -81.0166626
-7.0705455  -80.9499969
-7.1559331  -80.9282775
-7.1706905  -80.9505386
-7.2028737  -80.9722137
-7.2408333  -80.9798203
-7.2787900  -80.9722137
-7.3109651  -80.9505386
-7.3324628  -80.9180984
-7.3373561  -80.8932966
-7.3586709  -80.8887028
-7.3970528  -80.8777847
-7.4412928  -80.8612855
-7.5147345  -80.8313431
-7.5292797  -80.8238177
-7.5363925  -80.8166733
-7.5380794  -80.7922157
-7.6086534  -80.7300643
-7.6284194  -80.7181273
-7.9917293  -80.5286492
-8.0232066  -80.5182206
-8.0247421  -80.5179048
-8.0577517  -80.5282643
-8.0838156  -80.5500031
-8.0846238  -80.5562059
-8.0823368  -80.5833435
-8.0773364  -80.6031127
-8.0783856  -80.6166687
-8.0907660  -80.6323547
-8.1155195  -80.6500015
-8.1237707  -80.6521439
-8.1546511  -80.6521439
-8.1567726  -80.6520844
-8.1677723  -80.6500015
-8.1897717  -80.6410464
-8.2135282  -80.6260019
-8.4206867  -80.4851556
-8.4230997  -80.4833374
-8.4369554  -80.4664449
-8.4478012  -80.4499969
-8.4536638  -80.4393329
-8.4614490  -80.4166718
-8.4718555  -80.3500137
-8.4745986  -80.3288452
-8.4774346  -80.2833405
-8.4628228  -80.2500076
-8.4536638  -80.2410772
-8.4434596  -80.2269838
-8.4384721  -80.2166672
-8.4390073  -80.1833267
-8.4536638  -80.1590902
-8.4589161  -80.1553100
-8.4677948  -80.1500015
-8.4866362  -80.1442873
-8.5941628  -80.1412837
-8.6185045  -80.1468569
-8.7274146  -80.1268189
-9.0138340  -80.0646861
-9.1819231  -80.0202135
-9.1932341  -80.0166702
-9.2113342  -80.0090315
-9.2358535  -79.9833374
-9.2548869  -79.9607777
-9.2608530  -79.9499969
-9.2771511  -79.8979220
-9.2807495  -79.8833389
-9.2771511  -79.8724041
-9.2642888  -79.8630409
-9.2685239  -79.8500137
-9.2709727  -79.8437533
-9.2949170  -79.7833405
-9.3100510  -79.7607866
-9.3175894  -79.7576405
-9.3758402  -79.7334618
-9.5073843  -79.6939007
-9.5349138  -79.6887512
-9.5731382  -79.6874943
-9.5940563  -79.6954505
-9.6060095  -79.7028431
-9.6388769  -79.7201928
-9.6589854  -79.7296056
-9.6925908  -79.7166672
-9.7046051  -79.7107322
-9.7351308  -79.6833267
-9.7374640  -79.6810416
-9.7719874  -79.6439084
-9.7986669  -79.6292992
-9.8018779  -79.6277796
-9.8141282  -79.6210954
-9.8166836  -79.6192615
-9.8201699  -79.6166687
-9.8250786  -79.6128753
-9.8360291  -79.6031750
-9.8454107  -79.5944519
-9.8469772  -79.5927940
-9.8536229  -79.5833435
-9.8689466  -79.5611216
-9.8728989  -79.5540961
-9.8749913  -79.5500107
-9.8798211  -79.5387233
-9.8838984  -79.5277837
-9.8858013  -79.5217129
-9.8873516  -79.5166702
-9.8870752  -79.5152079
-9.9080985  -79.4992338
-9.9152195  -79.4938231
-9.9017162  -79.4385583
-9.9017162  -79.3833389
-9.9231780  -79.3166733
-9.9236094  -79.3156222
-9.9270983  -79.3091019
-9.9297793  -79.3055598
-9.9783363  -79.2535521
-10.179607  -79.0988519
-10.186212  -79.0943586
-10.219023  -79.0761038
-10.226586  -79.0722326
-10.229959  -79.0712547
-10.231060  -79.0711143
-10.240894  -79.0710085
-10.242085  -79.0710225
-10.263361  -79.0722326
-10.273699  -79.0805801
-10.276972  -79.0833435
-10.284634  -79.0912228
-10.295568  -79.0933782
-10.304068  -79.0919796
-10.361169  -79.0809344
-10.372100  -79.0787610
-10.383031  -79.0760607
-10.393981  -79.0722131
-10.404891  -79.0681873
-10.407522  -79.0670559
-10.415821  -79.0634867
-10.426751  -79.0574429
-10.437679  -79.0494228
-10.479583  -79.0166702
-10.571513  -78.9179030
-10.634703  -78.8500137
-10.670286  -78.8055598
-10.678073  -78.7943869
-10.682964  -78.7833328
-10.684061  -78.7783736
-10.683770  -78.7722219
-10.683242  -78.7664293
-10.682071  -78.7611109
-10.682377  -78.7544384
-10.682940  -78.7500000
-10.688935  -78.7404595
-10.690199  -78.7388891
-10.732985  -78.6944504
-10.867454  -78.5833435
-10.885425  -78.5711309
-10.911207  -78.5540405
-10.918511  -78.5496548
-11.130029  -78.4547042
-11.216448  -78.4166718
-11.381981  -78.3573284
-11.415653  -78.3459247
-11.419660  -78.3445137
-11.423687  -78.3430088
-11.430994  -78.3389002
-11.474117  -78.3024586
-11.506794  -78.2718551
-11.539460  -78.2651208
-11.686532  -78.2001317
-11.735373  -78.1680799
-11.782872  -78.1318467
-11.811524  -78.0961084
-11.841208  -78.0581125
-11.844154  -78.0516847
-11.845117  -78.0490267
-11.848320  -78.0388972
-11.850256  -78.0326613
-11.851539  -78.0277837
-11.854219  -78.0174990
-11.859022  -77.9985274
-12.137651  -77.7733212
-12.164331  -77.7328435
-12.181103  -77.7151089
-12.210960  -77.6861316
-12.259363  -77.6500015
-12.360248  -77.6833420
-12.364091  -77.6960962
-12.368964  -77.7055588
-12.375050  -77.7166672
-12.376554  -77.7188438
-12.441670  -77.7913437
-12.445994  -77.7944463
-12.452522  -77.7986036
-12.457637  -77.7996854
-12.463372  -77.8000803
-12.485074  -77.8003487
-12.495923  -77.7977073
-12.497838  -77.7964081
-12.500369  -77.7944463
-12.503357  -77.7909483
-12.508009  -77.7846009
-12.508919  -77.7833328
-12.565085  -77.6833420
-12.570950  -77.6500015
-12.571857  -77.6463810
-12.574200  -77.6388906
-12.578383  -77.6277796
-12.583078  -77.6166687
-12.586874  -77.6098323
-12.589357  -77.6055603
-12.591054  -77.6030064
-12.593548  -77.6000025
-12.596635  -77.5966357
-18.000000  -83.0000000
-18.000000  -90.0000000
-5.0000000 -115.0000000
-5.0000000 -127.0000000
 1.5000000 -130.5000000
 7.0000000 -153.0000000
10.0000000 -153.0000000
18.0000000 -128.0000000
30.5419998 -121.8659973
30.8800659 -120.0000000
31.1327991 -118.6050034
32.6268997 -117.8249969
32.5895004 -117.4629974
32.5824952 -117.4189422
32.5481873 -117.4104759
32.5200844 -117.4054371
32.4919701 -117.4022470
32.4719778 -117.4070334
32.3901593 -117.3473429
32.3711662 -117.3518143
32.3388443 -117.3442078
32.3155098 -117.3257599
32.2970161 -117.3403778
32.2646675 -117.3479843
32.2276611 -117.3379059
32.2154846 -117.3309021
32.1926880 -117.3116989
32.1743431 -117.2792587
32.1706429 -117.2572861
32.1513329 -117.2601471
32.1189308 -117.2525406
32.0914536 -117.2308655
32.0730896 -117.1984253
32.0685806 -117.1716766
32.0158203 -117.1176436
32.0124965 -117.1166992
32.0120473 -117.1137795
31.8827927 -116.9814068
31.8641442 -116.9692746
31.8596001 -116.9726791
31.7951202 -117.0001755
31.7661667 -117.0061493
31.7336292 -116.9985428
31.7060375 -116.9768677
31.6875954 -116.9444275
31.6867140 -116.9392212
31.6160583 -116.8977940
31.5296254 -116.8485598
31.5024357 -116.8365525
31.4876428 -116.8340215
31.4455585 -116.8322798
31.3920300 -116.8499985
31.3505093 -116.8613325
31.2462654 -116.8716663
31.2177486 -116.8712185
31.1899350 -116.8508174
31.1887584 -116.8494436
31.1752184 -116.8167038
31.1892338 -116.8063940
31.2086665 -116.8060652
31.2462654 -116.8034545
31.2609181 -116.7833023
31.2331616 -116.7320006
31.2243961 -116.7166977
31.2177486 -116.7119942
31.0931118 -116.6289829
31.0266628 -116.5934700
30.7956184 -116.4908668
30.7764415 -116.5352549
30.7683122 -116.5741937
30.7302017 -116.5500031
30.6218147 -116.4778695
30.5967223 -116.3929358
30.5977706 -116.3499985
30.5884457 -116.3268111
30.5829010 -116.3167038
30.5770340 -116.3118194
30.4483604 -116.2638779
30.4416828 -116.2610397
30.4366665 -116.2571487
30.1996803 -116.2181549
30.1787605 -116.2115402
30.1507149 -116.1898651
30.1421127 -116.1749725
30.1158104 -116.1722641
30.0903988 -116.1650467
30.0623283 -116.1433716
30.0508379 -116.1235007
30.0416298 -116.1297362
30.0314241 -116.1382257
30.0242016 -116.1500015
30.0127678 -116.1734902
30.0081357 -116.1779541
29.9838982 -116.1814776
29.9258019 -116.1500015
29.9098049 -116.1355150
29.8983030 -116.1166992
29.9195917 -116.0424670
29.9261303 -116.0350597
29.8683319 -115.9840191
29.8672049 -115.9833714
29.8610115 -115.9855423
29.7583618 -116.0092087
29.7413330 -116.0111465
29.7367001 -116.0100861
29.7317390 -116.0111847
29.7153339 -116.0129852
29.6820965 -116.0053787
29.6539116 -115.9837036
29.6451817 -115.9686737
29.6365547 -115.9548721
29.6248779 -115.9278717
29.6225758 -115.9166031
29.6190453 -115.9110565
29.5806960 -115.8260957
29.5145527 -115.7905140
29.2884712 -115.6648394
29.2632843 -115.6500015
29.1136100 -115.5500031
29.0339297 -115.4918816
28.9872146 -115.4499969
28.9681244 -115.4365306
28.9556701 -115.4309171
28.9389534 -115.4296141
28.9216813 -115.4302871
28.8108856 -115.5167007
28.8016541 -115.5265874
28.7637520 -115.6004624
28.7594173 -115.6166992
28.7605188 -115.6463176
28.7582163 -115.6563073
28.7501609 -115.6832962
28.7284685 -115.7500000
28.7052879 -115.7633318
28.3831501 -115.7569807
28.2364044 -115.7469827
28.0011787 -115.6973069
27.9236841 -115.6289735
27.7359371 -115.4497089
27.6981229 -115.3926818
27.6515740 -115.3167038
27.6106911 -115.1752440
27.6005587 -115.1500015
27.5827054 -115.1103829
27.4996204 -115.0480302
27.4700470 -115.0487430
27.4490937 -115.0597140
27.4404659 -115.0724541
27.4125825 -115.0813769
27.2654279 -114.9470399
27.2627964 -114.9425056
27.2357010 -114.8833008
27.2371532 -114.8499985
27.2423460 -114.8270251
27.2426058 -114.8167038
27.2416851 -114.8070941
27.2262300 -114.7833023
27.1570163 -114.6832962
27.1078274 -114.6242086
27.0576687 -114.5500031
27.0114814 -114.4656781
26.9660454 -114.3700732
26.8675424 -114.2604506
26.8013225 -114.2004074
26.7819977 -114.2148743
26.7478333 -114.2224808
26.7107506 -114.2134552
26.7048740 -114.2104568
26.6994991 -114.2116470
26.6619511 -114.2023926
26.5937614 -114.1670609
26.5925560 -114.1661148
26.5911674 -114.1657486
26.5786629 -114.1587524
26.5705948 -114.1522522
26.5615749 -114.1499100
26.5549068 -114.1462479
26.5374031 -114.1322479
26.5318336 -114.1334839
26.4968262 -114.1255188
26.4484615 -114.1025467
26.4168854 -114.0950775
26.2018204 -113.9887390
26.1747322 -113.9680328
26.1602249 -113.9438400
26.1498947 -113.9370346
26.1032047 -113.8953705
26.0958557 -113.8880386
26.0952396 -113.8870087
26.0923538 -113.8848648
26.0797558 -113.8672562
26.0235806 -113.7674637
26.0138130 -113.7602005
25.9943314 -113.7277603
25.9874916 -113.6894989
25.9874916 -113.6561661
25.9880905 -113.6528168
25.9870777 -113.6477432
25.9859088 -113.6183043
25.9848909 -113.6166992
25.9812851 -113.6077638
25.9715758 -113.5832977
25.9700945 -113.5624342
25.9513130 -113.5408011
25.9213219 -113.5171259
25.8913345 -113.4994613
25.7412891 -113.4867454
25.7126230 -113.5182145
25.7214860 -113.5500031
25.7283566 -113.5832977
25.7228355 -113.5961746
25.6812191 -113.6126376
25.6511574 -113.5928852
25.4989221 -113.4853934
25.4962836 -113.4832993
25.4718188 -113.4499969
25.4509593 -113.3833008
25.4427149 -113.3476775
25.4415949 -113.3167038
25.4413007 -113.2840614
25.4413862 -113.2824508
25.4417158 -113.2500000
25.4105091 -113.2030707
25.3918802 -113.1832962
25.3803940 -113.1715741
25.0955313 -112.8833008
25.0788193 -112.8744922
25.0053120 -112.8644295
25.0000000 -112.8647460
