32.5353394,-117.1223831      Boundary for SPAM/STAR coastal stratum
32.5824952,-117.4189422       this line approximates 1000m contour
32.5481873,-117.4104758
32.5200844,-117.4054371
32.4919701,-117.4022470
32.4719778,-117.4070334
32.3901593,-117.3473429
32.3711662,-117.3518142
32.3388443,-117.3442077
32.3155098,-117.3257598
32.2970161,-117.3403778
32.2646675,-117.3479843
32.2276611,-117.3379058
32.2154846,-117.3309020
32.1926880,-117.3116989
32.1743431,-117.2792587
32.1706429,-117.2572860
32.1513329,-117.2601470
32.1189308,-117.2525405
32.0914536,-117.2308654
32.0730896,-117.1984252
32.0685806,-117.1716766
32.0158203,-117.1176435
32.0124965,-117.1166992
32.0120473,-117.1137794
31.8827927,-116.9814067
31.8641442,-116.9692745
31.8596001,-116.9726791
31.7951202,-117.0001754
31.7661667,-117.0061492
31.7336292,-116.9985427
31.7060375,-116.9768676
31.6875954,-116.9444274
31.6867140,-116.9392211
31.6160583,-116.8977939
31.5296254,-116.8485598
31.5024357,-116.8365525
31.4876428,-116.8340214
31.4455585,-116.8322797
31.3920300,-116.8499984
31.3505093,-116.8613324
31.2462654,-116.8716663
31.2177486,-116.8712185
31.1899350,-116.8508173
31.1887584,-116.8494435
31.1752184,-116.8167037
31.1892338,-116.8063939
31.2086665,-116.8060652
31.2462654,-116.8034545
31.2609181,-116.7833023
31.2331616,-116.7320005
31.2243961,-116.7166976
31.2177486,-116.7119942
31.0931118,-116.6289828
31.0266628,-116.5934700
30.7956184,-116.4908667
30.7764415,-116.5352548
30.7683122,-116.5741937
30.7302017,-116.5500030
30.6218147,-116.4778695
30.5967223,-116.3929358
30.5977706,-116.3499984
30.5884457,-116.3268111
30.5829010,-116.3167037
30.5770340,-116.3118194
30.4483604,-116.2638778
30.4416828,-116.2610397
30.4366665,-116.2571487
30.1996803,-116.2181549
30.1787605,-116.2115402
30.1507149,-116.1898651
30.1421127,-116.1749725
30.1158104,-116.1722640
30.0903988,-116.1650466
30.0623283,-116.1433715
30.0508379,-116.1235007
30.0416298,-116.1297361
30.0314241,-116.1382257
30.0242016,-116.1500015
30.0127678,-116.1734902
30.0081357,-116.1779541
29.9838982,-116.1814775
29.9258019,-116.1500015
29.9098049,-116.1355150
29.8983030,-116.1166992
29.9195917,-116.0424669
29.9261303,-116.0350597
29.8683319,-115.9840191
29.8672049,-115.9833714
29.8610115,-115.9855422
29.7583618,-116.0092086
29.7413330,-116.0111465
29.7367001,-116.0100860
29.7317390,-116.0111846
29.7153339,-116.0129852
29.6820965,-116.0053787
29.6539116,-115.9837036
29.6451817,-115.9686737
29.6365547,-115.9548721
29.6248779,-115.9278717
29.6225758,-115.9166030
29.6190453,-115.9110565
29.5806960,-115.8260957
29.5145527,-115.7905139
29.2884712,-115.6648393
29.2632843,-115.6500015
29.1136100,-115.5500030
29.0339297,-115.4918815
28.9872146,-115.4499969
28.9681244,-115.4365306
28.9556701,-115.4309171
28.9389534,-115.4296141
28.9216813,-115.4302871
28.8108856,-115.5167007
28.8016541,-115.5265873
28.7637520,-115.6004623
28.7594173,-115.6166992
28.7605188,-115.6463176
28.7582163,-115.6563073
28.7501609,-115.6832962
28.7284685,-115.7500000
28.7052879,-115.7633318
28.3831501,-115.7569806
28.2364044,-115.7469826
28.0011787,-115.6973068
27.9236841,-115.6289734
27.7359371,-115.4497089
27.6981229,-115.3926818
27.6515740,-115.3167037
27.6106911,-115.1752439
27.6005587,-115.1500015
27.5827054,-115.1103829
27.4996204,-115.0480301
27.4700470,-115.0487429
27.4490937,-115.0597139
27.4404659,-115.0724540
27.4125825,-115.0813768
27.2654279,-114.9470398
27.2627964,-114.9425056
27.2357010,-114.8833007
27.2371532,-114.8499984
27.2423460,-114.8270251
27.2426058,-114.8167037
27.2416851,-114.8070940
27.2262300,-114.7833023
27.1570163,-114.6832962
27.1078274,-114.6242085
27.0576687,-114.5500030
27.0114814,-114.4656781
26.9660454,-114.3700732
26.8675424,-114.2604506
26.8013225,-114.2004073
26.7819977,-114.2148742
26.7478333,-114.2224807
26.7107506,-114.2134552
26.7048740,-114.2104568
26.6994991,-114.2116470
26.6619511,-114.2023925
26.5937614,-114.1670608
26.5925560,-114.1661148
26.5911674,-114.1657485
26.5786629,-114.1587524
26.5705948,-114.1522521
26.5615749,-114.1499099
26.5549068,-114.1462478
26.5374031,-114.1322479
26.5318336,-114.1334838
26.4968262,-114.1255187
26.4484615,-114.1025466
26.4168854,-114.0950775
26.2018204,-113.9887390
26.1747322,-113.9680328
26.1602249,-113.9438400
26.1498947,-113.9370346
26.1032047,-113.8953704
26.0958557,-113.8880386
26.0952396,-113.8870086
26.0923538,-113.8848648
26.0797558,-113.8672561
26.0235806,-113.7674636
26.0138130,-113.7602005
25.9943314,-113.7277603
25.9874916,-113.6894989
25.9874916,-113.6561660
25.9880905,-113.6528167
25.9870777,-113.6477432
25.9859088,-113.6183042
25.9848909,-113.6166992
25.9812851,-113.6077637
25.9715758,-113.5832977
25.9700945,-113.5624342
25.9513130,-113.5408010
25.9213219,-113.5171258
25.8913345,-113.4994612
25.7412891,-113.4867454
25.7126230,-113.5182144
25.7214860,-113.5500030
25.7283566,-113.5832977
25.7228355,-113.5961746
25.6812191,-113.6126375
25.6511574,-113.5928851
25.4989221,-113.4853933
25.4962836,-113.4832992
25.4718188,-113.4499969
25.4509593,-113.3833007
25.4427149,-113.3476774
25.4415949,-113.3167037
25.4413007,-113.2840614
25.4413862,-113.2824508
25.4417158,-113.2500000
25.4105091,-113.2030707
25.3918802,-113.1832962
25.3803940,-113.1715741
25.0955313,-112.8833007
25.0788193,-112.8744921
25.0053120,-112.8644294
24.9881916,-112.8654495
24.9579735,-112.8641635
24.7834644,-112.8423227
24.6856518,-112.8288236
24.6788938,-112.8241310
24.6198483,-112.7775933
24.5037670,-112.6752247
24.4127331,-112.5915396
24.3975534,-112.5832977
24.3823738,-112.5797636
24.3789189,-112.5795097
24.3737623,-112.5832977
24.3520069,-112.6001742
24.3314901,-112.6275070
24.1735218,-112.5167007
24.0783653,-112.3987724
24.0435170,-112.3652908
24.0429478,-112.3657073
24.0079994,-112.3733139
23.9730415,-112.3657073
23.9433975,-112.3440322
23.9235878,-112.3115921
23.9181137,-112.2912750
23.9090600,-112.2369873
23.7431126,-112.0821086
23.6855420,-112.0167007
23.5984288,-111.9079780
23.4517650,-111.7345701
23.4375954,-111.7227047
23.4286076,-111.7166976
23.3896846,-111.6977885
23.3435250,-111.6808151
23.3600148,-111.6654597
23.3561206,-111.6500015
23.3070821,-111.4588215
23.3029484,-111.4499969
23.2845783,-111.4167022
23.2695990,-111.3996384
23.2580764,-111.3833007
23.2510822,-111.3499984
23.2845783,-111.2782710
23.3209420,-111.0832977
23.3269475,-111.0167007
23.2178092,-110.8893107
23.2101553,-110.8833007
23.1926842,-110.8786680
23.1878978,-110.8833007
23.1807718,-110.9037249
23.1360830,-110.8884357
23.0700455,-110.8595451
23.0700455,-110.8267821
23.1092609,-110.7592862
23.1347895,-110.7166976
23.1452574,-110.6333677
23.0316257,-110.6523284
23.0176659,-110.6534805
22.9824448,-110.6458740
22.9525776,-110.6241989
22.9326172,-110.5917587
22.9325256,-110.5912551
22.9307842,-110.5884246
22.9237747,-110.5501632
22.9269619,-110.5240859
22.9379158,-110.4800567
22.9331188,-110.4722595
22.9261093,-110.4339981
22.9294376,-110.4073562
22.9443478,-110.3487860
22.9166069,-110.3558488
22.8991471,-110.3643743
22.8670861,-110.3962594
22.8551693,-110.4142219
22.8539501,-110.4153768
22.8244457,-110.4134618
22.7937164,-110.3917033
22.7843446,-110.3833007
22.7803057,-110.3167037
22.7848647,-110.2500000
22.8063984,-110.2304415
22.8468610,-110.2257033
22.8460581,-110.1454272
22.8060608,-110.0988082
22.7981377,-110.0854339
22.7975540,-110.0850296
22.7973862,-110.0848617
22.7746868,-110.0495910
22.7741413,-110.0466308
22.7740173,-110.0464248
22.7706528,-110.0360336
22.7059536,-109.7943191
22.6876183,-109.7810363
22.6676197,-109.7485961
22.6650448,-109.7410125
22.6334496,-109.6348037
22.6272602,-109.6247634
22.6242390,-109.6156311
22.6143990,-109.5806274
22.6103954,-109.5514984
22.6112320,-109.5469417
21.5232003,-107.6392101
21.2638967,-107.1845526
20.5728255,-105.9728433
20.5533333,-105.9769821
20.5175018,-105.9693756
20.4939346,-105.9542922
20.3608837,-105.8377914
20.3540611,-105.8311996
20.3421058,-105.8121159
20.1883163,-105.8183157
20.1257267,-105.8103770
19.9663582,-105.7529616
19.8744871,-105.7173578
19.8265501,-105.7016206
19.8123951,-105.6991888
19.7810287,-105.6948317
19.7576740,-105.7081617
19.7496567,-105.7075520
19.7238805,-105.6892607
19.5515773,-105.5602852
19.5707611,-105.5167007
19.5684770,-105.4909537
19.5663601,-105.4832992
19.5612793,-105.4699783
19.5532427,-105.4499969
19.4920713,-105.3234527
19.4670549,-105.2832592
19.4013717,-105.2166976
19.3543625,-105.1832962
19.2783089,-105.1735590
19.2564552,-105.1731228
19.2468395,-105.1695621
19.1523781,-105.1179911
19.1365714,-105.1000617
19.0255983,-104.9536481
19.0081673,-104.9573135
18.9719868,-104.9497070
18.9419174,-104.9286727
18.8987331,-104.8838424
18.8903370,-104.8706893
18.8878880,-104.8689498
18.7945175,-104.7691116
18.7923336,-104.7656326
18.7883987,-104.7628479
18.7240391,-104.6945114
18.7178192,-104.6846542
18.7110443,-104.6797943
18.6808662,-104.6469573
18.6784706,-104.6431121
18.5577130,-104.5101402
18.5183926,-104.4668426
18.4992542,-104.4359283
18.4962449,-104.4199751
17.9131185,-103.4753102
17.9094048,-103.4727020
17.8887787,-103.4402618
17.8846089,-103.4264378
17.8838539,-103.4239349
17.8776836,-103.3951034
17.8776379,-103.3946533
17.8771572,-103.3930816
17.8449745,-103.2472534
17.8445396,-103.2432708
17.8377533,-103.2325973
17.8327045,-103.2156906
17.8284817,-103.1953964
17.8146896,-103.1357727
17.8141232,-103.1307983
17.7376175,-103.0180130
17.7271996,-102.9982604
17.7266254,-102.9952392
17.7215157,-102.9878692
17.7203331,-102.9870376
17.7106667,-102.9751663
17.6744414,-102.9229117
17.6681480,-102.9138336
17.6571655,-102.8932647
17.6570168,-102.8924865
17.6566639,-102.8919296
17.6526966,-102.8796997
17.6467579,-102.8565867
17.6370220,-102.8186950
17.6337376,-102.7926635
17.6345387,-102.7884368
17.6273174,-102.7770919
17.6246777,-102.7695693
17.6100025,-102.7219085
17.6099434,-102.7215118
17.5928001,-102.6945953
17.5897255,-102.6854782
17.5886173,-102.6847000
17.5693054,-102.6555175
17.5605907,-102.6354980
17.5468674,-102.6139526
17.5456867,-102.6137084
17.5452569,-102.6134073
17.5147552,-102.5920333
17.4940853,-102.5595932
17.4901333,-102.5474319
17.4859619,-102.5312652
17.4851589,-102.5249176
17.4480305,-102.4011688
17.4475670,-102.3980026
17.4452267,-102.3912658
17.4353886,-102.3585968
17.4348278,-102.3547821
17.4332218,-102.3522644
17.4297276,-102.3418197
17.4284897,-102.3373413
17.4197216,-102.3311996
17.3990402,-102.2987594
17.3962746,-102.2908325
17.3578571,-102.1644285
17.2862917,-101.9929698
16.7958924,-100.7914911
16.7703381,-100.7743988
16.6476326,-100.6558990
16.6247044,-100.6215515
16.4692440,-100.4694213
16.4462585,-100.4347610
16.4389591,-100.3964996
16.4462700,-100.3582153
16.4261360,-100.3540420
16.3950195,-100.3323669
16.3742237,-100.2999267
16.3669224,-100.2616653
16.3742237,-100.2234039
16.3819141,-100.2089614
16.3825607,-100.2055740
16.3915024,-100.1881637
16.5806235,-99.8938897
16.5186024,-99.6980605
16.5226637,-99.6830824
16.5210571,-99.6758041
16.4925079,-99.6033325
16.4919224,-99.6002350
16.4902515,-99.5974960
16.4864159,-99.5864944
16.4822311,-99.5617218
16.4725189,-99.5480881
16.4481754,-99.5007553
16.4440899,-99.4917603
16.4398422,-99.4694977
16.4367523,-99.4625931
16.4365044,-99.4612961
16.4351063,-99.4592667
16.3926144,-99.3699646
16.3805141,-99.3615341
16.3638401,-99.3381577
16.3498344,-99.3109894
16.3457127,-99.3019257
16.3384094,-99.2636642
16.3457127,-99.2254028
16.3665085,-99.1929626
16.3976307,-99.1712875
16.4190479,-99.1668489
16.4084363,-99.1315333
16.3377794,-98.9718362
16.2307320,-98.8661556
16.1040505,-98.7833405
16.1026459,-98.7809590
16.0734578,-98.7196266
16.0083616,-98.5481039
16.0065365,-98.5312490
16.0059462,-98.5166626
16.0071258,-98.4166718
16.0083433,-98.3481336
15.9919566,-98.3200908
15.9686222,-98.2808380
15.9681439,-98.2793398
15.9146060,-98.1877196
15.9087106,-98.1850651
15.9064748,-98.1833267
15.8941249,-98.1500015
15.8772951,-98.0799186
15.8579884,-98.0247421
15.8521729,-97.9905014
15.8528843,-97.9867859
15.8487158,-97.9815445
15.8477678,-97.9799042
15.8411932,-97.9785461
15.8072910,-97.9539566
15.8059578,-97.9524536
15.7877960,-97.9229279
15.7843704,-97.9050369
15.7493839,-97.8681870
15.7201214,-97.8478699
15.7110453,-97.8337555
15.7079725,-97.8316269
15.7051678,-97.8310471
15.6739388,-97.8093719
15.6530695,-97.7769318
15.6485453,-97.7626266
15.6063585,-97.5851212
15.6035538,-97.5611649
15.6066475,-97.5450134
15.5940437,-97.5254288
15.5896873,-97.5118256
15.5835180,-97.4866562
15.5805435,-97.4619980
15.5844078,-97.4418259
15.5552778,-97.3043137
15.5549965,-97.3016205
15.5500650,-97.2982025
15.5291824,-97.2657623
15.5241156,-97.2490616
15.5237074,-97.2471390
15.5208025,-97.2465439
15.4895449,-97.2248688
15.4686565,-97.1924286
15.4627180,-97.1711273
15.4572153,-97.1379623
15.4570169,-97.1355515
15.4567919,-97.1347580
15.4553156,-97.1260986
15.4453640,-97.1192017
15.4244709,-97.0867615
15.4189463,-97.0677948
15.4172287,-97.0587387
15.4149513,-97.0514603
15.4139500,-97.0471268
15.4138870,-97.0465698
15.4136963,-97.0459671
15.4111948,-97.0353012
15.4084625,-97.0116653
15.4085646,-97.0111389
15.4028950,-96.9883118
15.4023523,-96.9833069
15.3887053,-96.9062271
15.3871193,-96.8881683
15.3879310,-96.8839363
15.3884443,-96.8812599
15.3944578,-96.8499069
15.4087582,-96.8277051
15.5744153,-96.3909728
15.5738711,-96.3833389
15.6027947,-96.2304492
15.6397278,-96.0312071
15.6279420,-95.8434580
15.5895224,-95.6543215
15.5784869,-95.3281308
15.5827843,-95.3166733
15.5895224,-95.3033161
15.4685840,-94.9499969
15.4663112,-94.9445201
15.4610291,-94.9327497
15.4532776,-94.9247107
15.4441974,-94.9166718
15.3895782,-94.8833389
15.3533879,-94.8616536
15.3003168,-94.8221882
15.2973678,-94.8197295
15.1144380,-94.5833435
15.1072865,-94.5722300
15.0952915,-94.5500031
15.0823679,-94.5241970
15.0641022,-94.4833374
15.0564833,-94.4640562
15.0524569,-94.4499969
14.8574006,-94.1419770
14.7871693,-94.0500031
14.7851887,-94.0468958
14.7685662,-94.0166702
14.7625843,-93.9833374
14.7190708,-93.8833389
14.6562061,-93.8217522
14.5354973,-93.6833267
14.2908592,-93.2500000
14.2720892,-93.2166672
14.2555753,-93.1833267
14.2478725,-93.1617104
14.2451806,-93.1500015
14.2487458,-93.1166687
14.2802339,-92.9950992
14.2845485,-92.9833374
14.3011389,-92.9563813
14.3162671,-92.9322764
14.3235642,-92.9166718
14.3201873,-92.8833389
14.3011389,-92.8643492
14.1395578,-92.7259061
14.1282918,-92.7166672
14.1072292,-92.6993944
14.0847358,-92.6833267
14.0785574,-92.6795520
14.0748949,-92.6775810
14.0649659,-92.6833267
14.0520879,-92.6931547
14.0425549,-92.6946310
14.0199434,-92.6833267
14.0102119,-92.6744747
13.9778633,-92.6292289
13.9695350,-92.6166687
13.9057497,-92.5166702
13.8964156,-92.5005785
13.8880128,-92.4833374
13.8643583,-92.4335927
13.8575595,-92.4166718
13.8484259,-92.3857413
13.8478617,-92.3833389
13.8424881,-92.3438980
13.8420270,-92.3166733
13.8400722,-92.2919425
13.8378559,-92.2833405
13.8247600,-92.2500076
13.8215360,-92.2443627
13.7831523,-92.1833267
13.7702083,-92.1638635
13.7512932,-92.1413424
13.7037117,-92.0500031
13.6541262,-91.9449982
13.6217289,-91.8750076
13.6104107,-91.8500137
13.6052148,-91.8336662
13.6039038,-91.8166733
13.5936318,-91.7789116
13.5893278,-91.7640723
13.4520304,-91.5578638
13.3982295,-91.4833374
13.3948231,-91.4807245
13.2907667,-91.2764117
13.1916234,-91.0254302
13.1883311,-91.0166626
13.1823661,-90.9166718
13.1892497,-90.8500137
13.2001610,-90.8353952
13.2488928,-90.8000603
13.2755624,-90.7833405
13.2975111,-90.7906919
13.3156471,-90.7833405
13.3299532,-90.7711028
13.3513501,-90.7500000
13.3786068,-90.7166672
13.4047099,-90.6833267
13.3800419,-90.6651896
13.3623905,-90.6542558
13.3529732,-90.6500015
13.3361857,-90.6435970
13.2975111,-90.6364967
13.2754166,-90.6393672
13.2650652,-90.6433237
13.2532926,-90.6500015
13.2452690,-90.6629959
13.2066521,-90.6833267
13.2001610,-90.6864114
13.1953322,-90.6882856
13.1676950,-90.6871653
13.1352320,-90.6617209
13.1260977,-90.6500015
13.1027641,-90.6033692
13.0955789,-90.5833435
13.0741279,-90.5166702
13.0756333,-90.4833374
13.0706130,-90.4503251
13.0702934,-90.4492396
13.0160261,-90.3500137
13.0053358,-90.3308920
13.0000875,-90.3220598
12.9968103,-90.3166733
12.9728508,-90.2941287
12.9542040,-90.2975421
12.9403620,-90.3015083
12.9256373,-90.2984463
12.9078703,-90.2915878
12.8999921,-90.2833405
12.8979405,-90.2601927
12.8979405,-90.2500076
12.9262584,-90.0833435
12.8922893,-89.9006903
12.8753729,-89.8925845
12.8611770,-89.8833389
12.8428717,-89.8596732
12.8394044,-89.8500137
12.8103657,-89.7594465
12.8074022,-89.7500000
12.7860191,-89.6500015
12.7735485,-89.5500031
12.7711551,-89.5235388
12.7681579,-89.5166702
12.6341891,-89.2639209
12.5939718,-89.2166672
12.5501642,-89.1981549
12.5425377,-89.1911401
12.5001071,-89.1346055
12.4881856,-89.1166687
12.4850740,-89.1098398
12.4610531,-89.0500031
12.4128632,-88.9166718
12.4107086,-88.9071932
12.4046723,-88.8500137
12.4035252,-88.8331768
12.3842016,-88.4833374
12.3805665,-88.4570028
12.3600714,-88.3446628
12.3548450,-88.3326767
12.3450747,-88.3166733
12.3360938,-88.3025321
12.3222771,-88.2907477
12.2951841,-88.2777332
12.2897062,-88.2761264
12.2813359,-88.2833405
12.2650159,-88.2914097
12.2571297,-88.2922126
12.2309176,-88.2833405
12.2245483,-88.2792126
12.1919661,-88.2494667
12.1683884,-88.2166672
12.1652472,-88.2106633
12.1593790,-88.1990604
12.1533752,-88.1833267
12.1468603,-88.1628019
12.0941906,-88.0622547
12.0246079,-87.9211422
12.0187722,-87.8833389
12.0152100,-87.8643825
12.0107355,-87.8630981
12.0088291,-87.8624191
12.0085201,-87.8623734
11.9648485,-87.8488693
11.9557362,-87.8455429
11.9386101,-87.8338470
11.9026670,-87.8411484
11.8719711,-87.8361053
11.8329659,-87.8229370
11.7944670,-87.7986984
11.7826738,-87.7806702
11.7656231,-87.7754593
11.7562084,-87.7720413
11.7244492,-87.7503662
11.7032261,-87.7179260
11.6957731,-87.6796646
11.6981316,-87.6675568
11.6780005,-87.6716461
11.6498947,-87.6674423
11.6335602,-87.6624451
11.6241913,-87.6590424
11.6128521,-87.6513062
11.6123562,-87.6512070
11.5805807,-87.6295319
11.5593462,-87.5970917
11.5544395,-87.5814972
11.5307636,-87.4776688
11.5291204,-87.4630585
11.5267925,-87.4595032
11.5097294,-87.4478683
11.4996405,-87.4324570
11.4865561,-87.4235382
11.4653149,-87.3910980
11.4607210,-87.3768387
11.4586782,-87.3684082
11.4572408,-87.3662128
11.4414454,-87.3671267
11.4087687,-87.3541304
11.3838524,-87.3166733
11.3677338,-87.2833405
11.2943687,-87.1666641
11.1472187,-87.0040343
11.1215090,-86.9762014
10.9562701,-86.8112060
10.9389814,-86.7954770
10.9235548,-86.7833405
10.9181623,-86.7801434
10.8993743,-86.7691345
10.8770843,-86.7584944
10.8474293,-86.7403621
10.7871962,-86.7035331
10.6433955,-86.5522627
10.6234102,-86.5312394
10.5000352,-86.4088230
10.3679850,-86.2833405
10.1774404,-86.1033610
10.0658789,-86.0237926
10.0002251,-85.9891918
9.8031778,-85.7831770
9.7908561,-85.7708378
9.7690365,-85.7500000
9.7046051,-85.7155426
9.6952894,-85.6754991
9.6796665,-85.6786499
9.6419115,-85.6710281
9.6304111,-85.6661911
9.6081991,-85.6511307
9.6069422,-85.6508789
9.5914898,-85.6426926
9.4899416,-85.5767288
9.4784098,-85.5845413
9.4406672,-85.5921478
9.4029198,-85.5845413
9.3709164,-85.5628662
9.3495302,-85.5304260
9.3443871,-85.5139313
9.3388844,-85.4889297
9.3365183,-85.4671631
9.3440285,-85.4289017
9.3587332,-85.4065933
9.3226051,-85.3551178
9.3118534,-85.3354263
9.3116789,-85.3345337
9.3061374,-85.3306283
9.2981536,-85.3287300
9.2889088,-85.3166733
9.2850584,-85.3082217
9.2196321,-85.2366180
9.2192326,-85.2365417
9.1848021,-85.2123337
9.1617975,-85.1873322
9.1493979,-85.1678009
9.1347742,-85.1574402
9.0640926,-85.0794373
9.0456181,-85.0500946
9.0381012,-85.0118332
9.0393792,-85.0053280
8.9965456,-84.7381278
8.9909220,-84.7095032
8.9912634,-84.7011948
8.9947643,-84.6586914
9.0019398,-84.6287384
9.0233469,-84.5962982
9.0485954,-84.5792160
9.0571127,-84.5056839
9.0639563,-84.4790726
9.0853596,-84.4466324
9.1173887,-84.4249573
9.1413694,-84.4201288
9.1411391,-84.4166718
9.1343446,-84.4053624
9.1163554,-84.3833389
8.9196805,-84.2786446
8.9150419,-84.2772786
8.8938693,-84.2714331
8.8821068,-84.2717639
8.8725315,-84.2736485
8.8587458,-84.2833405
8.8491678,-84.2917765
8.8162251,-84.2877018
8.6561223,-84.1962187
8.6418304,-84.2058792
8.6243563,-84.2113495
8.6086893,-84.2146835
8.5883331,-84.2168198
8.5504971,-84.2092133
8.5184183,-84.1875381
8.5159531,-84.1838074
8.5130844,-84.1818695
8.4986029,-84.1632614
8.4427567,-84.0707626
8.4358015,-84.0569305
8.4356098,-84.0559616
8.3847380,-83.9732437
8.3729801,-83.9708786
8.3408861,-83.9492035
8.3346024,-83.9422226
8.2970943,-83.8963852
8.2861795,-83.8780594
8.2794571,-83.8692322
8.2557859,-83.8280640
8.2528191,-83.8220062
8.2497692,-83.8178558
8.1606340,-83.6496124
8.1594591,-83.6493759
8.1273479,-83.6277008
8.1068544,-83.5975342
8.0145006,-83.3871994
8.0059996,-83.3466644
8.0062810,-83.3452356
7.8921316,-82.9457126
7.8923201,-82.9452101
7.8557644,-82.9378738
7.8236294,-82.9161987
7.8003430,-82.8790054
7.7518320,-82.7413406
7.7465420,-82.7103958
7.7443280,-82.7038879
7.7438278,-82.7020569
7.7402697,-82.6754990
7.7446489,-82.6532822
7.6535724,-82.4386331
7.6257203,-82.4193939
7.5632832,-82.3987134
7.5370002,-82.4039841
7.4990659,-82.3963776
7.4641142,-82.3717728
7.4181066,-82.3214417
7.3994036,-82.2919312
7.3976235,-82.2829056
7.3835363,-82.2753830
7.3697009,-82.2662125
7.3540525,-82.2533646
7.3503504,-82.2477798
7.3277760,-82.2330246
7.3221669,-82.2341461
7.2842140,-82.2265396
7.2648330,-82.2157516
7.1621532,-82.1424255
7.1493540,-82.1315384
7.1278477,-82.0990982
7.1234556,-82.0768465
6.9810259,-81.7968985
6.9670668,-81.7861182
6.9660106,-81.7844043
6.9385199,-81.7166672
6.9391142,-81.6781507
6.9490332,-81.5166626
6.9624901,-81.4499969
6.9339743,-81.4451245
6.9080513,-81.4427691
6.9108806,-81.3934174
6.9339743,-81.3817925
6.9632865,-81.3871466
6.9752015,-81.4248642
7.0596232,-81.4499969
7.0994129,-81.4330819
7.1310922,-81.3833389
7.1324940,-81.3757650
7.1336704,-81.3511989
7.1331220,-81.1833267
7.1345273,-81.1648400
7.1000233,-81.1344299
7.0761843,-81.1009598
7.0246491,-81.0563202
7.0197330,-81.0494843
7.0173340,-81.0478668
7.0025401,-81.0255585
6.9976549,-81.0187607
6.9974952,-81.0179520
6.9958215,-81.0154266
6.9906726,-80.9841309
6.9801512,-80.9682617
6.9725966,-80.9300003
6.9734826,-80.9166718
6.9989886,-80.7256699
7.0056567,-80.7007370
7.0271688,-80.6682968
7.0317702,-80.6651993
7.0307760,-80.6601639
7.0315113,-80.6480103
7.0408463,-80.5711823
7.0471473,-80.5470581
7.0464458,-80.5435028
7.0477662,-80.5272446
7.0592685,-80.4569092
7.0655017,-80.4349060
7.0765247,-80.4182816
7.0752854,-80.4120026
7.0768747,-80.3941803
7.0925446,-80.3070145
7.0985079,-80.2865753
7.1127930,-80.2650299
7.1130733,-80.2636261
7.1148829,-80.2576370
7.1159225,-80.2479477
7.1509295,-80.0867844
7.1561866,-80.0699081
7.1776915,-80.0374680
7.2098742,-80.0157928
7.2478333,-80.0081863
7.2587712,-80.0103784
7.2703035,-79.8500137
7.2793223,-79.6833267
7.2664927,-79.6166687
7.2701066,-79.6113129
7.2966117,-79.5820839
7.2978611,-79.5819318
7.3080860,-79.5833435
7.3486408,-79.5833435
7.3821153,-79.5650665
7.4132849,-79.5185426
7.4352765,-79.5138779
7.4512696,-79.5030975
7.4615207,-79.5039673
7.4698334,-79.5043182
7.5077701,-79.4967117
7.5399289,-79.4750366
7.5614152,-79.4425964
7.5689602,-79.4043350,
7.5614152,-79.3660736,
7.5399289,-79.3336334,
7.5089395,-79.3127465,
7.5134481,-79.2500000,
7.5195136,-79.1833790,
7.5185509,-79.1784973,
7.5211648,-79.1652434,
7.5225525,-79.1500015,
7.5416076,-78.9499969,
7.5841967,-78.8166733,
7.5731695,-78.7390654,
7.5115798,-78.5500031,
7.5053792,-78.5407679,
7.4855504,-78.5274272,
7.4631686,-78.5185380,
7.4617102,-78.5181335
7.4549044,-78.5166626
7.4074146,-78.5062174
7.3970528,-78.5017726
7.3850584,-78.4954275
7.3701903,-78.4833374
7.3639913,-78.4778817
7.3521094,-78.4619787
7.3444929,-78.4499969
7.3330194,-78.4292603
7.3306189,-78.4308777
7.2926669,-78.4384842
7.2547116,-78.4308777
7.2246962,-78.4113159
7.2150278,-78.4021454
7.1913605,-78.3675919
7.1838093,-78.3293304
7.1877046,-78.3095932
7.1548252,-78.2749557
7.1536512,-78.2731476
7.1525674,-78.2724152
7.1520672,-78.2719116
7.1305146,-78.2394257
7.1232381,-78.2025604
7.0117226,-78.1107712
7.0043316,-78.1040344
6.9828186,-78.0715942
6.9752641,-78.0333328
6.9781685,-78.0186234
6.8797307,-77.9328003
6.8604999,-77.9366531
6.8225093,-77.9290466
6.7900467,-77.9071121
6.7090349,-77.8249435
6.6992946,-77.8102112
6.3596220,-77.6841431
6.3237338,-77.6610336
6.3226042,-77.6593323
6.1233625,-77.6817093
6.1123333,-77.6823196
6.0742865,-77.6747131
6.0420294,-77.6530380
6.0204749,-77.6205978
6.0129061,-77.5823364
6.0204749,-77.5440750
6.0420294,-77.5116348
6.0464493,-77.5086648
5.9733095,-77.4866189
5.9447300,-77.4787339
5.9401517,-77.4776367
5.9069934,-77.4739880
5.8738317,-77.4770503
5.8684406,-77.4779175
5.8483807,-77.4833374
5.8376255,-77.4863955
5.8075027,-77.4959158
5.7743278,-77.5078532
5.7681461,-77.5104582
5.7411580,-77.5234186
5.7196943,-77.5382385
5.7035309,-77.5500031
5.6748147,-77.5734424
5.6623103,-77.5833435
5.6504213,-77.5921649
5.6416397,-77.5961975
5.6275147,-77.6024807
5.6084623,-77.6070112
5.6002255,-77.6083957
5.5752831,-77.6101784
5.2433925,-77.6291346
5.2304505,-77.6296629
5.1269664,-77.6331187
5.0945126,-77.6338727
5.0000000,-77.6342759
4.9777470,-77.6343708
4.9445343,-77.6320879
4.9113197,-77.6270438
4.8843317,-77.6229186
4.8439367,-77.6157165
4.8116665,-77.6094909
4.7784452,-77.6031733
4.7630883,-77.6012636
4.7300738,-77.5985397
4.6977602,-77.5976257
4.6455464,-77.6017913
4.6123104,-77.6059971
4.3796659,-77.6400328
4.3464251,-77.6451472
4.3370167,-77.6500015
4.3218942,-77.6587350
4.2612216,-77.6978956
4.2466941,-77.7034860
4.2126129,-77.7158301
4.1801991,-77.7166671
4.0804458,-77.7112896
4.0471888,-77.6984093
4.0334518,-77.6833267
4.0139308,-77.6698971
4.0004937,-77.6634662
3.9806740,-77.6567566
3.9729991,-77.6576919
3.9474161,-77.6639516
3.9021205,-77.6947589
3.8791106,-77.6896820
3.8576667,-77.6873474
3.8528790,-77.6883010
3.8386781,-77.6787872
3.8239980,-77.6739883
3.7416668,-77.6539916
3.7181666,-77.6511840
3.6799831,-77.6587905
3.6476114,-77.6804656
3.6259806,-77.7129058
3.6183848,-77.7511672
3.6259806,-77.7894287
3.6476114,-77.8218688
3.6799831,-77.8435440
3.6837128,-77.8447630
3.6761316,-77.8500137
3.5339179,-77.9643302
3.5280435,-77.9833374
3.5236225,-77.9920267
3.5149484,-78.0064431
3.5080373,-78.0166702
3.4964460,-78.0314688
3.4816728,-78.0470532
3.4777570,-78.0500030
3.4483886,-78.0681228
3.4236772,-78.0747608
3.4151106,-78.0769695
3.3860575,-78.0791097
3.3519370,-78.0799529
3.3485527,-78.0795331
3.3219848,-78.0766181
3.3152714,-78.0772933
3.2154207,-78.1230558
3.1818208,-78.1500015
3.1669575,-78.1681318
3.1553838,-78.1833267
3.1488481,-78.1944402
3.0841826,-78.3166732
3.0697399,-78.3500137
3.0804891,-78.3815536
3.0822725,-78.3854894
3.1021091,-78.4166717
3.1155615,-78.4309194
3.1365986,-78.4499969
3.1518741,-78.5530340
3.0595938,-78.6272935
2.8794614,-78.8166732
2.8582756,-78.8500137
2.8291545,-78.8833389
2.7076564,-79.0166702
2.6827211,-79.0416295
2.6687566,-79.0500030
2.6494210,-79.0595668
2.6161184,-79.0614569
2.5635356,-79.0487870
2.2784698,-79.1044692
2.2593334,-79.1063156
2.2210994,-79.0987091
2.2206560,-79.0984126
2.0831609,-79.2990894
2.0412316,-79.4747181
2.0150137,-79.5833435
2.0035893,-79.6037268
1.9935506,-79.6166687
1.9832107,-79.6243118
1.9678240,-79.6346073
1.9498941,-79.6453268
1.9413793,-79.6500015
1.8942513,-79.6723294
1.8704703,-79.6833267
1.8499359,-79.6911110
1.8166152,-79.6998396
1.7832940,-79.7041858
1.7499721,-79.7049475
1.7166437,-79.7006745
1.7015183,-79.6984599
1.6870232,-79.6833267
1.6378901,-79.6378913
1.5166972,-79.6928525
1.5016860,-79.7016489
1.4833723,-79.7136814
1.4816335,-79.7149276
1.4793731,-79.7166671
1.4500452,-79.7451457
1.4476872,-79.7476415
1.4458443,-79.7500000
1.4348965,-79.7651547
1.4599509,-79.7748297
1.4949109,-79.8051319
1.4963761,-79.8166732
1.4972381,-79.8305455
1.4833723,-79.8493491
1.4059240,-79.9166717
1.2672022,-80.0337986
1.2467585,-80.0500030
1.2167459,-80.0719223
1.1834158,-80.0925452
1.1404722,-80.1176090
1.1281239,-80.1348648
1.1280265,-80.1349792
1.1226716,-80.1446304
1.1066864,-80.1670074
1.1021932,-80.1895980
1.0954925,-80.2028884
0.9819954,-80.3915481
0.9670252,-80.4106979
0.9613366,-80.4144973
0.9575254,-80.4202041
0.9196596,-80.4439468
0.8557251,-80.4661712
0.8539258,-80.4673767
0.8360687,-80.4728851
0.4739035,-80.5483856
0.4686382,-80.5489273
0.3496486,-80.5758001
0.3491320,-80.5833435
0.3422507,-80.6088768
0.3376630,-80.6166687
0.3167083,-80.6377411
0.2833714,-80.6406738
0.2733407,-80.6399721
0.2500342,-80.6368471
0.2166970,-80.6323293
0.1956688,-80.6289762
0.1627689,-80.6294136
0.1359854,-80.6359666
-0.0166724,-80.7067399
-0.0231923,-80.7101467
-0.0338266,-80.7166671
-0.0500099,-80.7296907
-0.0597856,-80.7402311
-0.0671173,-80.7500076
-0.0776729,-80.7776667
-0.1324914,-80.8500137
-0.2468400,-80.9865304
-0.2833714,-80.9869969
-0.2990398,-80.9833374
-0.4500555,-81.0272875
-0.5834073,-81.0473509
-0.8964987,-81.1035931
-1.1614197,-81.1833267
-1.1834158,-81.1908268
-1.2318033,-81.2016049
-1.3833904,-81.2345308
-1.4316516,-81.2328007
-1.5933722,-81.2756423
-1.5955353,-81.2770538
-1.6329415,-81.2915649
-1.6359972,-81.3069305
-1.6576626,-81.3393707
-1.6900868,-81.3610458
-1.7200097,-81.3683090
-1.8016770,-81.3751373
-1.8049349,-81.3752746
-1.8347569,-81.3952102
-1.8678337,-81.4026870
-1.9515970,-81.4070053
-1.9544035,-81.4072113
-1.9656682,-81.4054031
-1.9738821,-81.4073028
-2.0037153,-81.4091339
-2.0480723,-81.4017105
-2.0804892,-81.3800354
-2.0950329,-81.3582534
-2.1744680,-81.3594741
-2.2142353,-81.3518753
-2.2466488,-81.3302001
-2.2683063,-81.2977600
-2.2759113,-81.2594985
-2.2696848,-81.2281725
-2.3480990,-81.2150959
-2.3743137,-81.1833267
-2.3829780,-81.1751765
-2.3952639,-81.1710346
-2.6161184,-81.1288084
-2.6302540,-81.1308171
-2.6494210,-81.1341287
-2.7454443,-81.1794463
-2.8706967,-81.2284976
-2.9158123,-81.2423455
-2.9765961,-81.1833267
-2.9713018,-81.1722183
-3.0163851,-81.1500015
-3.1035556,-81.1286903
-3.2069883,-81.1415572
-3.2587350,-81.1711419
-3.2760837,-81.1451339
-3.3084681,-81.1234588
-3.3466668,-81.1158523
-3.3848641,-81.1234588
-3.4188063,-81.1467361
-3.4382155,-81.1670684
-3.4584913,-81.1694946
-3.4701579,-81.1723251
-3.4848599,-81.1771240
-3.5172374,-81.1987991
-3.5205648,-81.2037887
-3.5498574,-81.2096252
-3.5822325,-81.2313003
-3.5922101,-81.2429656
-3.6043756,-81.2596282
-3.6055365,-81.2616958
-3.6106551,-81.2675170
-3.6168175,-81.2754669
-3.6208138,-81.2727890
-3.6589999,-81.2651824
-3.6971843,-81.2727890
-3.7295542,-81.2944641
-3.7528608,-81.3312454
-3.7573605,-81.3437500
-3.7591913,-81.3542480
-3.8143922,-81.4364129
-3.9035416,-81.4273074
-3.9355377,-81.3833389
-4.0464442,-81.3166732
-4.0954093,-81.3166732
-4.2134476,-81.3344775
-4.3796659,-81.4070565
-4.4188640,-81.4499969
-4.4461436,-81.4772172
-4.4502206,-81.4792477
-4.7336827,-81.4949138
-4.8018862,-81.4921886
-4.8017173,-81.4923019
-4.7801185,-81.5247421
-4.7725339,-81.5630035
-4.7801185,-81.6012649
-4.8017173,-81.6337051
-4.8340406,-81.6553802
-4.8517895,-81.6608734
-4.9987941,-81.6917037
-5.0191665,-81.6938171
-5.0572820,-81.6862106
-5.0857239,-81.6671295
-5.3540473,-81.5950927
-5.3664303,-81.5908737
-5.3675318,-81.5901336
-5.3751788,-81.5890731
-5.3940115,-81.5837402
-5.4044113,-81.5801162
-5.4091797,-81.5795898
-5.4285126,-81.5752563
-5.4412885,-81.5711975
-5.4464898,-81.5706253
-5.4554892,-81.5686264
-5.4631348,-81.5662078
-5.4685893,-81.5656051
-5.4887552,-81.5611038
-5.5032215,-81.5565185
-5.5086284,-81.5558319
-5.5137944,-81.5544967
-5.5270863,-81.5500411
-5.5421352,-81.5399398
-5.5509477,-81.5385284
-5.6126928,-81.5182266
-5.6331668,-81.5223159
-5.6534848,-81.5202102
-5.6566515,-81.5195465
-5.6647110,-81.5170516
-5.6672397,-81.5166473
-5.6919045,-81.5086441
-5.6994085,-81.5058746
-5.7099633,-81.4987869
-5.7341142,-81.4950714
-5.8144431,-81.4697418
-5.8227334,-81.4667129
-5.8235273,-81.4661788
-5.8378830,-81.4645080
-5.9523783,-81.4375076
-5.9677238,-81.4325408
-5.9999847,-81.4108657
-6.0215402,-81.3784255
-6.0251102,-81.3603820
-6.0311947,-81.3695373
-6.0634522,-81.3912124
-6.1015000,-81.3988189
-6.1250572,-81.3959732
-6.1338906,-81.3938064
-6.1483779,-81.3890457
-6.1806283,-81.3673706
-6.2021761,-81.3349304
-6.2097425,-81.2966690
-6.2035134,-81.2651700
-6.2633512,-81.2083320
-6.3047729,-81.2041894
-6.4041777,-81.1906485
-6.4336250,-81.1833267
-6.4373059,-81.1815042
-6.4655337,-81.1500015
-6.5366788,-81.0530057
-6.5697989,-81.1114536
-6.5738765,-81.1125655
-6.6691437,-81.1385184
-6.7022548,-81.1321955
-6.7150521,-81.1166687
-6.7208259,-81.1020360
-6.6989865,-80.9833374
-6.6915530,-80.9607728
-6.6691437,-80.9511525
-6.6681105,-80.9510372
-6.6360307,-80.9512872
-6.6340213,-80.9479747
-6.6317147,-80.9166717
-6.6477348,-80.8617928
-6.6549524,-80.8500137
-6.6691437,-80.8349351
-6.7022548,-80.8352152
-6.9008718,-80.8890725
-6.9154471,-80.9019949
-6.9157469,-80.9166717
-6.9058455,-80.9499969
-6.8965842,-80.9876545
-6.8922460,-81.0166625
-6.9008718,-81.0239693
-7.0001574,-81.0721640
-7.0332451,-81.0584775
-7.0376954,-81.0544877
-7.0400043,-81.0500030
-7.0512911,-81.0166625
-7.0705455,-80.9499969
-7.1559331,-80.9282775
-7.1706905,-80.9505386
-7.2028737,-80.9722137
-7.2408333,-80.9798202
-7.2787900,-80.9722137
-7.3109651,-80.9505386
-7.3324628,-80.9180984
-7.3373561,-80.8932966
-7.3586709,-80.8887028
-7.3970528,-80.8777847
-7.4412928,-80.8612854
-7.5147345,-80.8313430
-7.5292797,-80.8238176
-7.5363925,-80.8166732
-7.5380794,-80.7922156
-7.6086534,-80.7300642
-7.6284194,-80.7181273
-7.9917293,-80.5286492
-8.0232066,-80.5182205
-8.0247421,-80.5179047
-8.0577517,-80.5282642
-8.0838156,-80.5500030
-8.0846238,-80.5562059
-8.0823368,-80.5833435
-8.0773364,-80.6031126
-8.0783856,-80.6166687
-8.0907660,-80.6323547
-8.1155195,-80.6500015
-8.1237707,-80.6521438
-8.1546511,-80.6521438
-8.1567726,-80.6520843
-8.1677723,-80.6500015
-8.1897717,-80.6410464
-8.2135282,-80.6260018
-8.4206867,-80.4851555
-8.4230997,-80.4833374
-8.4369554,-80.4664449
-8.4478012,-80.4499969
-8.4536638,-80.4393328
-8.4614490,-80.4166717
-8.4718555,-80.3500137
-8.4745986,-80.3288451
-8.4774346,-80.2833404
-8.4628228,-80.2500076
-8.4536638,-80.2410771
-8.4434596,-80.2269838
-8.4384721,-80.2166671
-8.4390073,-80.1833267
-8.4536638,-80.1590902
-8.4589161,-80.1553099
-8.4677948,-80.1500015
-8.4866362,-80.1442873
-8.5941628,-80.1412837
-8.6185045,-80.1468569
-8.7274146,-80.1268189
-9.0138340,-80.0646860
-9.1819231,-80.0202134
-9.1932341,-80.0166702
-9.2113342,-80.0090314
-9.2358535,-79.9833374
-9.2548869,-79.9607776
-9.2608530,-79.9499969
-9.2771511,-79.8979220
-9.2807495,-79.8833389
-9.2771511,-79.8724040
-9.2642888,-79.8630408
-9.2685239,-79.8500137
-9.2709727,-79.8437532
-9.2949170,-79.7833404
-9.3100510,-79.7607866
-9.3175894,-79.7576405
-9.3758402,-79.7334617
-9.5073843,-79.6939007
-9.5349138,-79.6887511
-9.5731382,-79.6874942
-9.5940563,-79.6954505
-9.6060095,-79.7028430
-9.6388769,-79.7201927
-9.6589854,-79.7296055
-9.6925908,-79.7166671
-9.7046051,-79.7107322
-9.7351308,-79.6833267
-9.7374640,-79.6810415
-9.7719874,-79.6439083
-9.7986669,-79.6292991
-9.8018779,-79.6277796
-9.8141282,-79.6210953
-9.8166836,-79.6192615
-9.8201699,-79.6166687
-9.8250786,-79.6128752
-9.8360291,-79.6031749
-9.8454107,-79.5944519
-9.8469772,-79.5927939
-9.8536229,-79.5833435
-9.8689466,-79.5611216
-9.8728989,-79.5540960
-9.8749913,-79.5500106
-9.8798211,-79.5387233
-9.8838984,-79.5277837
-9.8858013,-79.5217129
-9.8873516,-79.5166702
-9.8870752,-79.5152079
-9.9080985,-79.4992338
-9.9152195,-79.4938231
-9.9017162,-79.4385583
-9.9017162,-79.3833389
-9.9231780,-79.3166732
-9.9236094,-79.3156221
-9.9270983,-79.3091018
-9.9297793,-79.3055597
-9.9783363,-79.2535520
-10.1796076,-79.0988518
-10.1862128,-79.0943585
-10.2190230,-79.0761038
-10.2265868,-79.0722325
-10.2299594,-79.0712547
-10.2310600,-79.0711142
-10.2408946,-79.0710085
-10.2420855,-79.0710224
-10.2633613,-79.0722325
-10.2736994,-79.0805801
-10.2769726,-79.0833435
-10.2846339,-79.0912227
-10.2955684,-79.0933781
-10.3040683,-79.0919795
-10.3611698,-79.0809343
-10.3721005,-79.0787610
-10.3830312,-79.0760606
-10.3939810,-79.0722130
-10.4048916,-79.0681872
-10.4075222,-79.0670559
-10.4158213,-79.0634867
-10.4267511,-79.0574429
-10.4376796,-79.0494227
-10.4795836,-79.0166702
-10.5715138,-78.9179029
-10.6347035,-78.8500137
-10.6702868,-78.8055597
-10.6780734,-78.7943868
-10.6829648,-78.7833328
-10.6840611,-78.7783735
-10.6837708,-78.7722218
-10.6832421,-78.7664292
-10.6820713,-78.7611109
-10.6823772,-78.7544383
-10.6829404,-78.7500000
-10.6889352,-78.7404595
-10.6901994,-78.7388890
-10.7329850,-78.6944503
-10.8674546,-78.5833435
-10.8854255,-78.5711309
-10.9112078,-78.5540404
-10.9185118,-78.5496547
-11.1300296,-78.4547041
-11.2164480,-78.4166717
-11.3819813,-78.3573284
-11.4156532,-78.3459246
-11.4196608,-78.3445137
-11.4236876,-78.3430088
-11.4309941,-78.3389002
-11.4741172,-78.3024586
-11.5067939,-78.2718551
-11.5394601,-78.2651208
-11.6865320,-78.2001316
-11.7353734,-78.1680798
-11.7828721,-78.1318466
-11.8115240,-78.0961083
-11.8412089,-78.0581124
-11.8441543,-78.0516847
-11.8451172,-78.0490267
-11.8483201,-78.0388971
-11.8502568,-78.0326613
-11.8515396,-78.0277837
-11.8542190,-78.0174989
-11.8590227,-77.9985273
-12.1376511,-77.7733211
-12.1643310,-77.7328435
-12.1811037,-77.7151088
-12.2109601,-77.6861316
-12.2593636,-77.6500015
-12.3602483,-77.6833419
-12.3640915,-77.6960961
-12.3689639,-77.7055587
-12.3750503,-77.7166671
-12.3765544,-77.7188437
-12.4416704,-77.7913437
-12.4459945,-77.7944463
-12.4525222,-77.7986036
-12.4576374,-77.7996853
-12.4633728,-77.8000803
-12.4850740,-77.8003487
-12.4959230,-77.7977073
-12.4978381,-77.7964081
-12.5003694,-77.7944463
-12.5033572,-77.7909483
-12.5080099,-77.7846008
-12.5089196,-77.7833328
-12.5650857,-77.6833419
-12.5709503,-77.6500015
-12.5718571,-77.6463810
-12.5742004,-77.6388905
-12.5783831,-77.6277796
-12.5830781,-77.6166687
-12.5868741,-77.6098323
-12.5893576,-77.6055603
-12.5910549,-77.6030064
-12.5935481,-77.6000025
-12.5966357,-77.5966357
