6
BD-KaNi
4411.7
21.6844	160.2400
21.6953	160.2750
21.7759	160.3310
21.8412	160.3110
21.9015	160.3080
21.9248	160.2950
21.9788	160.2650
22.0540	160.2040
22.0890	160.1320
22.0810	160.0560
22.0562	160.0050
21.9863	160.0000
21.9181	159.9720
22.0017	159.9200
22.1068	159.9110
22.1617	159.8880
22.2036	159.8200
22.2299	159.7760
22.2471	159.7290
22.2968	159.6570
22.3187	159.6220
22.3268	159.5600
22.3136	159.5020
22.3062	159.4280
22.3057	159.3770
22.2870	159.3180
22.2324	159.2630
22.1544	159.2080
22.0915	159.2110
22.0156	159.2620
21.9351	159.2740
21.8848	159.3090
21.8467	159.3500
21.8072	159.4080
21.7951	159.4560
21.7996	159.5020
21.8457	159.5670
21.8497	159.6360
21.8617	159.6880
21.8873	159.7470
21.8932	159.8110
21.8877	159.8740
21.8597	159.9690
21.7764	160.0520
21.7146	160.1430
21.6883	160.2030
21.6844	160.2400
BD-OUFI
19079.6
21.5589	158.3900
21.7054	158.4880
21.7558	158.2220
21.8183	157.9300
21.7718	157.8120
21.6767	157.7810
21.6052	157.7310
21.5717	157.6830
21.5132	157.6370
21.4873	157.5460
21.4887	157.4420
21.4676	157.3370
21.3937	157.2490
21.3204	156.9500
21.3099	156.7000
21.2997	156.4490
21.0935	156.1550
20.9039	155.9960
20.7537	155.8920
20.6718	155.9430
20.6083	156.0340
20.5665	156.1460
20.5270	156.2370
20.4949	156.3330
20.4775	156.4320
20.4603	156.5380
20.4484	156.6300
20.4421	156.7350
20.3900	156.8230
20.3999	156.9400
20.4493	157.1080
20.5851	157.1450
20.7642	157.1300
20.8271	157.1640
20.8569	157.1640
20.9153	157.2160
20.9810	157.2510
20.9495	157.3440
20.9273	157.4470
20.9009	157.5510
20.8543	157.6410
20.8017	157.7660
20.9594	157.8080
21.0275	158.0250
21.1396	158.1000
21.2302	158.1610
21.3261	158.1990
21.3969	158.2760
21.4832	158.2940
21.5504	158.3710
21.5589	158.3900
BD-BI
15191.5
20.3363	156.0960
20.4444	156.0510
20.4822	155.9480
20.4465	155.8420
20.4041	155.7520
20.3910	155.6510
20.3762	155.5510
20.3289	155.4620
20.2627	155.4800
20.2013	155.4020
20.1504	155.3190
20.0949	155.2300
20.0351	155.1450
19.9996	155.0450
19.9486	154.9570
19.8631	154.9090
19.7727	154.9460
19.6703	154.9400
19.5851	154.8800
19.5489	154.7510
19.4530	154.8090
19.3897	154.8960
19.3237	154.9820
19.2741	155.0810
19.2154	155.1730
19.1952	155.2830
19.1711	155.3630
19.1032	155.4250
19.0770	155.4940
19.0086	155.5550
18.9218	155.5980
18.8422	155.6630
18.8415	155.7140
18.9351	155.7280
18.9776	155.8340
19.0369	155.9180
19.1342	155.9450
19.2345	155.9260
19.3431	155.9150
19.4480	155.9570
19.5304	156.0150
19.6482	156.0540
19.7554	156.1070
19.8520	156.1530
19.9290	156.1370
20.0240	156.1080
20.1019	156.0540
20.1820	156.0740
20.2788	156.1140
20.3295	156.1030
20.3363	156.0960
WHICEAS
381982.1
17.2382 155.6823
17.2410 155.7826
17.2624 155.9783
17.2870 156.1013
17.3264 156.2423
17.3606 156.3391
17.3977 156.4278
17.4418 156.5189
17.5103 156.6393
17.6296 156.8319
20.3875 161.2045
20.4545 161.3065
20.5125 161.3842
20.5816 161.4663
20.6466 161.5352
20.7309 161.6144
20.8081 161.6782
20.9255 161.7629
21.2285 161.6556
23.4461 160.8319
23.5475 160.7947
23.7439 160.3369
23.8009 160.1859
23.8291 160.0920
23.8559 159.9815
23.8739 159.8840
23.8954 159.6931
23.9008 159.5891
23.9059 159.4525
23.9056 159.3451
23.8994 159.2387
23.8758 159.0573
23.8504 158.9385
23.8125 158.8048
23.7727 158.6886
23.2652 157.3019
23.2280 157.2088
22.6848 155.9724
22.4232 155.4229
22.3380 155.2650
22.1985 155.0344
22.1431 154.9486
22.0854 154.8691
22.0196 154.7888
21.9265 154.6901
21.0393 153.8278
20.9037 153.7056
20.5503 153.4159
20.4188 153.3190
20.3412 153.2704
20.2592 153.2251
20.1722 153.1834
20.0789 153.1454
19.9315 153.0989
19.8353 153.0767
19.7392 153.0608
19.6376 153.0505
19.5325 153.0465
19.3896 153.0524
19.2231 153.0754
19.1340 153.0953
18.9906 153.1388
18.9046 153.1707
18.8207 153.2062
18.6948 153.2702
18.6057 153.3240
18.4587 153.4306
18.3849 153.4939
18.3169 153.5581
18.2418 153.6374
18.1409 153.7561
18.0589 153.8615
18.0034 153.936
17.9518 154.0136
17.5260 154.6930
17.4345 154.8553
17.3839 154.9643
17.3495 155.0517
17.3197 155.1404
17.2849 155.2699
17.2631 155.3794
17.2478 155.4938
17.2382 155.6823
HI-EEZ       
2425795.1
21.6494 152.0678
20.0672 151.3210
18.3458 151.5154
17.1377 152.3182
16.1731 153.6716
15.5815 155.3492
15.8624 157.1184
16.8922 158.5686
18.1606 159.3340
18.3522 161.1181
19.0420 162.7603
20.3010 163.9573
20.3077 165.6590
20.5189 167.4726
21.6207 169.0471
22.1527 170.5755
22.4717 172.4277
22.7103 174.2939
23.3405 176.1649
23.6777 176.6005
24.6676 177.3916
25.1099 179.0703
25.4045 180.0405
25.9253 180.8909
26.6345 181.5583
27.3957 181.9616
28.3093 182.1565
29.1329 182.0883
30.0104 181.7371
30.6736 181.2176
31.2063 180.5252
31.5901 179.6741
31.7508 177.6818
31.2953 175.7166
30.8142 173.7906
29.4503 172.3679
28.9910 170.6732
28.4098 168.8068
28.1953 166.8958
27.1689 165.1780
26.7268 163.4617
26.4006 161.7030
25.8525 159.9046
25.3658 158.1168
24.7619 156.4810
24.0792 154.9488
23.2031 153.5142
22.0140 152.3627
21.6494 152.0678
OtherCNP
40014476.0
40.000  131.000
32.050  126.000
25.000  120.000
-5.000	120.000
-5.000  185.000
40.000	185.000
40.000  131.000
